results
n[0,0,32] = 1.0
n[0,1,4] = 1.0
n[0,1,20] = 1.0
n[0,1,31] = 1.0
n[1,0,32] = 1.0
n[1,1,4] = 1.0
n[1,1,31] = 1.0
n[2,0,32] = 1.0
n[2,1,31] = 1.0
n[3,0,32] = 1.0
n[3,1,31] = 1.0
n[4,0,32] = 1.0
n[4,1,31] = 1.0
n[5,0,32] = 1.0
n[5,1,12] = 1.0
n[5,1,31] = 1.0
n[6,0,32] = 1.0
n[6,1,31] = 1.0
n[7,0,32] = 1.0
n[7,1,31] = 1.0
n[8,0,32] = 1.0
n[9,0,32] = 1.0
n[10,0,32] = 1.0
n[11,0,32] = 1.0
n[12,0,32] = 1.0
n[13,0,32] = 1.0
n[14,0,32] = 1.0
n[15,0,32] = 1.0
n[16,0,32] = 1.0
n[17,0,32] = 1.0
n[18,0,32] = 1.0
n[19,0,32] = 1.0
n[127,0,11] = 1.0
n[128,0,0] = 1.0
n[128,0,11] = 1.0
n[129,0,1] = 1.0
n[139,1,14] = 1.0
n[142,0,10] = 1.0
n[143,1,16] = 1.0
n[145,1,4] = 1.0
n[148,0,0] = 1.0
n[148,0,24] = 1.0
n[150,0,1] = 1.0
n[151,0,1] = 1.0
n[152,0,1] = 1.0
n[152,0,18] = 1.0
n[152,1,21] = 1.0
n[153,0,1] = 1.0
n[154,0,1] = 1.0
n[156,0,16] = 1.0
n[160,0,14] = 1.0
n[173,1,9] = 1.0
n[174,1,26] = 1.0
n[175,1,28] = 1.0
n[184,0,21] = 1.0
n[184,0,23] = 1.0
n[192,1,20] = 1.0
n[195,1,16] = 1.0
n[199,0,8] = 2.0
n[205,0,7] = 1.0
n[218,1,9] = 1.0
n[221,1,18] = 1.0
n[227,1,11] = 1.0
n[232,1,3] = 1.0
n[233,0,14] = 1.0
n[234,0,14] = 1.0
n[239,0,6] = 1.0
n[239,1,3] = 1.0
n[239,1,22] = 1.0
n[240,0,6] = 1.0
n[240,1,3] = 1.0
n[243,1,28] = 1.0
n[248,1,11] = 1.0
n[251,0,7] = 1.0
n[260,1,1] = 1.0
n[264,1,10] = 1.0
n[266,0,18] = 1.0
n[272,1,16] = 1.0
n[289,1,4] = 2.0
n[290,0,32] = 1.0
n[290,1,4] = 1.0
n[290,1,20] = 1.0
n[290,1,31] = 1.0
u[1,1,0,5] = 2.0
u[1,1,0,20] = 1.0
u[2,0,1,6] = 1.0
u[2,1,0,4] = 1.0
u[3,0,1,16] = 1.0
u[6,0,1,11] = 1.0
u[6,1,0,9] = 1.0
u[6,1,0,12] = 1.0
u[8,1,0,31] = 1.0
u[9,0,1,18] = 1.0
u[10,0,1,16] = 1.0
u[11,1,0,14] = 1.0
u[12,0,1,19] = 1.0
u[12,1,0,12] = 1.0
u[12,1,0,19] = 1.0
u[13,0,1,27] = 1.0
u[13,0,1,29] = 1.0
u[14,1,0,15] = 1.0
u[15,0,1,18] = 1.0
u[16,0,1,11] = 1.0
u[16,0,1,20] = 1.0
u[19,1,0,11] = 1.0
u[19,1,0,28] = 1.0
u[20,0,1,32] = 1.0
u[21,0,1,24] = 1.0
u[24,1,0,29] = 1.0
u[25,0,1,20] = 1.0
u[26,0,1,27] = 1.0
u[26,1,0,31] = 1.0
u[27,0,1,26] = 1.0
u[27,1,0,16] = 1.0
u[27,1,0,29] = 1.0
u[28,0,1,27] = 1.0
u[29,0,1,12] = 1.0
u[29,0,1,25] = 1.0
u[34,1,0,31] = 1.0
u[36,0,1,27] = 1.0
u[36,1,0,29] = 1.0
u[37,1,0,31] = 1.0
u[38,0,1,25] = 1.0
u[39,0,1,27] = 1.0
u[39,1,0,31] = 1.0
u[40,1,0,30] = 1.0
u[41,0,1,27] = 1.0
u[41,1,0,31] = 1.0
u[42,0,1,26] = 1.0
u[42,1,0,24] = 1.0
u[43,0,1,27] = 1.0
u[43,1,0,30] = 1.0
u[44,0,1,20] = 1.0
u[44,1,0,24] = 1.0
u[44,1,0,27] = 1.0
u[45,0,1,26] = 1.0
u[46,0,1,20] = 1.0
u[46,0,1,23] = 1.0
u[46,1,0,25] = 1.0
u[47,1,0,26] = 1.0
u[48,0,1,21] = 1.0
u[49,0,1,22] = 1.0
u[49,1,0,25] = 1.0
u[49,1,0,31] = 1.0
u[50,1,0,17] = 1.0
u[50,1,0,25] = 1.0
u[51,0,1,21] = 1.0
u[51,0,1,27] = 1.0
u[51,1,0,18] = 1.0
u[51,1,0,25] = 1.0
u[52,0,1,13] = 1.0
u[52,0,1,21] = 1.0
u[53,0,1,14] = 1.0
u[53,0,1,21] = 1.0
u[53,1,0,17] = 1.0
u[53,1,0,23] = 1.0
u[53,1,0,26] = 1.0
u[54,1,0,17] = 1.0
u[55,0,1,13] = 1.0
u[55,0,1,19] = 1.0
u[55,0,1,22] = 1.0
u[55,1,0,13] = 1.0
u[55,1,0,17] = 1.0
u[56,0,1,13] = 1.0
u[56,1,0,14] = 1.0
u[57,0,1,9] = 1.0
u[57,0,1,13] = 1.0
u[57,1,0,9] = 1.0
u[57,1,0,15] = 1.0
u[57,1,0,18] = 1.0
u[58,0,1,10] = 1.0
u[58,1,0,9] = 1.0
u[59,0,1,11] = 1.0
u[59,0,1,14] = 1.0
u[59,1,0,9] = 1.0
u[60,0,1,5] = 1.0
u[60,0,1,10] = 1.0
u[60,1,0,6] = 1.0
u[60,1,0,10] = 1.0
u[61,0,1,5] = 1.0
u[61,1,0,10] = 1.0
u[62,0,1,6] = 1.0
u[62,1,0,6] = 1.0
u[62,1,0,11] = 1.0
u[63,0,1,6] = 1.0
u[63,1,0,6] = 1.0
u[64,0,1,7] = 1.0
u[64,0,1,12] = 1.0
u[65,1,0,11] = 1.0
u[66,0,1,12] = 1.0
u[66,1,0,8] = 1.0
u[66,1,0,12] = 1.0
u[67,0,1,7] = 1.0
u[67,0,1,12] = 1.0
u[67,1,0,8] = 1.0
u[67,1,0,12] = 1.0
u[68,0,1,4] = 1.0
u[68,0,1,8] = 1.0
u[68,1,0,8] = 1.0
u[69,0,1,4] = 1.0
u[69,0,1,8] = 1.0
u[69,1,0,8] = 1.0
u[70,0,1,4] = 1.0
u[70,1,0,4] = 1.0
u[70,1,0,8] = 1.0
u[71,0,1,4] = 1.0
u[71,1,0,4] = 1.0
u[72,0,1,4] = 1.0
u[72,1,0,10] = 1.0
u[73,0,1,5] = 1.0
u[73,1,0,10] = 1.0
u[74,0,1,6] = 1.0
u[74,1,0,10] = 1.0
u[75,0,1,6] = 1.0
u[75,0,1,10] = 1.0
u[75,1,0,10] = 1.0
u[76,0,1,6] = 1.0
u[76,1,0,10] = 1.0
u[77,0,1,6] = 1.0
u[77,1,0,6] = 1.0
u[77,1,0,11] = 1.0
u[78,0,1,6] = 1.0
u[78,1,0,12] = 1.0
u[79,0,1,7] = 1.0
u[79,1,0,12] = 1.0
u[80,0,1,7] = 1.0
u[80,0,1,8] = 1.0
u[80,1,0,12] = 1.0
u[81,0,1,8] = 1.0
u[81,1,0,12] = 1.0
u[82,0,1,8] = 1.0
u[82,1,0,4] = 1.0
u[82,1,0,8] = 1.0
u[82,1,0,12] = 1.0
u[83,0,1,8] = 1.0
u[83,1,0,4] = 1.0
u[83,1,0,8] = 1.0
u[84,0,1,4] = 1.0
u[84,0,1,8] = 1.0
u[84,1,0,4] = 1.0
u[85,0,1,5] = 1.0
u[85,1,0,4] = 1.0
u[86,0,1,5] = 1.0
u[86,0,1,9] = 1.0
u[86,1,0,4] = 1.0
u[87,1,0,5] = 1.0
u[88,0,1,10] = 1.0
u[88,1,0,5] = 1.0
u[89,0,1,5] = 1.0
u[90,0,1,6] = 1.0
u[90,0,1,14] = 1.0
u[90,1,0,11] = 1.0
u[90,1,0,15] = 1.0
u[91,0,1,6] = 1.0
u[91,1,0,10] = 1.0
u[92,0,1,7] = 1.0
u[92,0,1,11] = 1.0
u[92,1,0,10] = 1.0
u[93,0,1,6] = 1.0
u[93,1,0,11] = 1.0
u[94,0,1,6] = 1.0
u[94,1,0,7] = 1.0
u[94,1,0,12] = 1.0
u[95,0,1,7] = 1.0
u[95,1,0,8] = 1.0
u[95,1,0,12] = 1.0
u[96,0,1,8] = 1.0
u[97,0,1,8] = 2.0
u[97,1,0,7] = 1.0
u[97,1,0,12] = 1.0
u[98,0,1,9] = 1.0
u[98,1,0,4] = 1.0
u[98,1,0,8] = 1.0
u[99,0,1,8] = 1.0
u[99,1,0,4] = 2.0
u[100,0,1,4] = 1.0
u[100,0,1,8] = 1.0
u[100,1,0,5] = 1.0
u[101,1,0,4] = 1.0
u[102,0,1,9] = 1.0
u[102,1,0,4] = 1.0
u[103,0,1,9] = 2.0
u[103,1,0,5] = 1.0
u[104,0,1,11] = 1.0
u[104,1,0,5] = 1.0
u[105,0,1,9] = 1.0
u[105,1,0,5] = 2.0
u[106,0,1,9] = 1.0
u[107,0,1,10] = 1.0
u[107,1,0,5] = 1.0
u[107,1,0,11] = 1.0
u[108,0,1,11] = 1.0
u[109,0,1,7] = 1.0
u[109,0,1,9] = 1.0
u[109,1,0,6] = 1.0
u[110,0,1,15] = 1.0
u[110,1,0,7] = 1.0
u[111,0,1,10] = 1.0
u[111,1,0,17] = 1.0
u[112,1,0,11] = 1.0
u[113,0,1,8] = 1.0
u[113,0,1,12] = 1.0
u[113,0,1,13] = 1.0
u[113,1,0,11] = 1.0
u[113,1,0,13] = 1.0
u[114,0,1,7] = 1.0
u[114,1,0,7] = 1.0
u[115,0,1,9] = 1.0
u[115,1,0,8] = 1.0
u[115,1,0,9] = 1.0
u[116,1,0,9] = 1.0
u[117,0,1,4] = 1.0
u[117,0,1,5] = 1.0
u[117,0,1,8] = 1.0
u[117,0,1,14] = 1.0
u[117,1,0,8] = 1.0
u[118,0,1,5] = 1.0
u[118,1,0,9] = 1.0
u[119,1,0,4] = 1.0
u[119,1,0,10] = 1.0
u[120,0,1,5] = 1.0
u[120,0,1,8] = 1.0
u[120,1,0,5] = 1.0
u[120,1,0,6] = 1.0
u[121,0,1,6] = 1.0
u[121,1,0,6] = 1.0
u[123,0,1,8] = 1.0
u[123,1,0,5] = 1.0
u[123,1,0,6] = 1.0
u[124,0,1,8] = 1.0
u[124,1,0,7] = 1.0
u[125,0,1,9] = 1.0
u[125,1,0,4] = 1.0
u[126,0,1,7] = 1.0
u[126,0,1,13] = 1.0
u[126,1,0,4] = 1.0
u[127,1,0,5] = 1.0
u[128,0,1,12] = 1.0
u[128,1,0,9] = 1.0
u[129,0,1,11] = 1.0
u[129,1,0,6] = 1.0
u[130,0,1,5] = 1.0
u[130,1,0,8] = 1.0
u[131,0,1,14] = 1.0
u[131,1,0,7] = 1.0
u[132,0,1,4] = 1.0
u[132,0,1,11] = 1.0
u[133,1,0,5] = 1.0
u[134,0,1,14] = 1.0
u[134,1,0,7] = 1.0
u[135,0,1,11] = 1.0
u[135,1,0,4] = 1.0
u[135,1,0,17] = 1.0
u[136,0,1,4] = 1.0
u[137,0,1,13] = 1.0
u[138,1,0,16] = 1.0
u[139,0,1,6] = 1.0
u[140,0,1,17] = 1.0
u[140,1,0,14] = 1.0
u[141,0,1,20] = 1.0
u[141,1,0,12] = 1.0
u[142,0,1,16] = 1.0
u[142,1,0,13] = 1.0
u[143,0,1,8] = 1.0
u[144,1,0,13] = 1.0
u[144,1,0,16] = 1.0
u[145,0,1,10] = 1.0
u[146,0,1,9] = 1.0
u[146,1,0,4] = 1.0
u[147,1,0,21] = 1.0
u[148,1,0,5] = 1.0
u[149,0,1,24] = 1.0
u[149,1,0,28] = 1.0
u[151,0,1,22] = 1.0
u[151,1,0,20] = 1.0
u[153,0,1,18] = 1.0
u[153,1,0,21] = 1.0
u[154,0,1,18] = 1.0
u[154,1,0,20] = 1.0
u[155,0,1,28] = 1.0
u[155,1,0,14] = 1.0
u[157,0,1,10] = 1.0
u[157,1,0,24] = 1.0
u[158,0,1,17] = 1.0
u[158,1,0,18] = 1.0
u[159,0,1,22] = 1.0
u[160,1,0,13] = 1.0
u[161,0,1,14] = 1.0
u[161,0,1,18] = 1.0
u[161,1,0,18] = 1.0
u[162,0,1,29] = 1.0
u[163,0,1,14] = 1.0
u[163,1,0,14] = 1.0
u[163,1,0,19] = 1.0
u[164,1,0,25] = 1.0
u[165,0,1,15] = 1.0
u[165,0,1,19] = 1.0
u[165,1,0,16] = 1.0
u[166,0,1,21] = 1.0
u[166,1,0,13] = 1.0
u[167,1,0,11] = 1.0
u[168,0,1,18] = 1.0
u[169,0,1,18] = 1.0
u[170,0,1,9] = 1.0
u[171,0,1,31] = 1.0
u[171,1,0,16] = 1.0
u[173,1,0,20] = 1.0
u[173,1,0,27] = 1.0
u[174,1,0,9] = 1.0
u[175,0,1,23] = 1.0
u[175,1,0,26] = 1.0
u[176,0,1,5] = 1.0
u[176,1,0,28] = 1.0
u[177,0,1,22] = 1.0
u[178,0,1,24] = 1.0
u[179,1,0,18] = 1.0
u[180,0,1,23] = 1.0
u[180,0,1,29] = 1.0
u[180,1,0,5] = 1.0
u[181,1,0,22] = 1.0
u[182,0,1,17] = 1.0
u[182,1,0,25] = 1.0
u[182,1,0,27] = 1.0
u[183,0,1,27] = 1.0
u[184,0,1,7] = 1.0
u[184,1,0,13] = 1.0
u[185,0,1,21] = 1.0
u[185,1,0,24] = 1.0
u[186,0,1,9] = 1.0
u[186,1,0,24] = 1.0
u[187,1,0,17] = 1.0
u[188,0,1,20] = 1.0
u[189,0,1,28] = 1.0
u[189,1,0,14] = 1.0
u[191,0,1,26] = 1.0
u[191,1,0,24] = 1.0
u[192,0,1,28] = 1.0
u[192,1,0,19] = 1.0
u[193,0,1,17] = 1.0
u[193,0,1,20] = 1.0
u[193,1,0,20] = 1.0
u[193,1,0,22] = 1.0
u[194,0,1,15] = 1.0
u[194,1,0,24] = 1.0
u[195,0,1,16] = 1.0
u[195,1,0,13] = 1.0
u[196,0,1,20] = 1.0
u[196,1,0,16] = 1.0
u[197,0,1,25] = 1.0
u[197,1,0,12] = 2.0
u[198,1,0,16] = 1.0
u[199,0,1,12] = 1.0
u[199,0,1,25] = 1.0
u[199,1,0,21] = 1.0
u[200,0,1,14] = 1.0
u[201,0,1,17] = 1.0
u[201,1,0,8] = 1.0
u[202,0,1,14] = 2.0
u[203,0,1,4] = 1.0
u[203,1,0,11] = 1.0
u[203,1,0,13] = 1.0
u[204,1,0,10] = 2.0
u[206,0,1,7] = 1.0
u[206,0,1,13] = 1.0
u[206,1,0,28] = 1.0
u[208,0,1,24] = 1.0
u[208,1,0,9] = 1.0
u[209,0,1,15] = 2.0
u[210,1,0,19] = 1.0
u[211,1,0,11] = 1.0
u[212,0,1,15] = 1.0
u[213,1,0,14] = 1.0
u[215,0,1,10] = 1.0
u[215,0,1,12] = 1.0
u[215,1,0,13] = 1.0
u[216,0,1,25] = 1.0
u[216,1,0,28] = 1.0
u[217,0,1,9] = 1.0
u[217,1,0,8] = 1.0
u[218,0,1,24] = 1.0
u[218,1,0,21] = 1.0
u[219,0,1,22] = 1.0
u[219,1,0,9] = 1.0
u[220,0,1,17] = 1.0
u[220,1,0,9] = 1.0
u[220,1,0,20] = 1.0
u[221,0,1,5] = 1.0
u[222,0,1,5] = 1.0
u[222,0,1,16] = 1.0
u[222,1,0,18] = 1.0
u[223,1,0,15] = 1.0
u[224,1,0,12] = 1.0
u[225,0,1,15] = 1.0
u[225,1,0,10] = 1.0
u[226,0,1,13] = 1.0
u[226,1,0,31] = 1.0
u[227,0,1,18] = 1.0
u[228,0,1,9] = 1.0
u[228,0,1,27] = 1.0
u[228,1,0,11] = 1.0
u[229,1,0,18] = 1.0
u[230,0,1,7] = 1.0
u[230,1,0,14] = 1.0
u[231,0,1,14] = 1.0
u[231,1,0,18] = 1.0
u[232,0,1,10] = 1.0
u[232,1,0,13] = 1.0
u[233,0,1,18] = 1.0
u[233,1,0,27] = 1.0
u[234,0,1,9] = 1.0
u[234,1,0,11] = 1.0
u[235,0,1,14] = 1.0
u[235,1,0,7] = 1.0
u[235,1,0,11] = 1.0
u[236,0,1,7] = 1.0
u[236,1,0,5] = 1.0
u[237,0,1,7] = 1.0
u[237,0,1,26] = 1.0
u[237,1,0,10] = 1.0
u[238,0,1,8] = 1.0
u[240,0,1,9] = 1.0
u[240,1,0,22] = 1.0
u[241,0,1,6] = 1.0
u[241,1,0,12] = 1.0
u[242,0,1,18] = 1.0
u[242,1,0,5] = 1.0
u[243,0,1,8] = 1.0
u[244,1,0,19] = 1.0
u[244,1,0,28] = 1.0
u[245,1,0,9] = 1.0
u[246,0,1,15] = 1.0
u[246,1,0,8] = 1.0
u[246,1,0,18] = 1.0
u[247,1,0,22] = 1.0
u[248,0,1,17] = 1.0
u[249,0,1,27] = 1.0
u[249,1,0,11] = 1.0
u[250,0,1,19] = 1.0
u[250,1,0,13] = 1.0
u[251,0,1,7] = 1.0
u[251,0,1,21] = 1.0
u[251,1,0,23] = 1.0
u[252,1,0,15] = 1.0
u[253,0,1,12] = 1.0
u[253,0,1,23] = 1.0
u[253,1,0,17] = 1.0
u[255,1,0,19] = 1.0
u[256,0,1,15] = 1.0
u[256,0,1,25] = 1.0
u[256,1,0,9] = 1.0
u[257,0,1,15] = 1.0
u[257,1,0,15] = 1.0
u[258,0,1,5] = 1.0
u[258,1,0,11] = 1.0
u[259,0,1,26] = 1.0
u[260,0,1,25] = 1.0
u[260,1,0,23] = 1.0
u[261,1,0,22] = 1.0
u[262,0,1,14] = 1.0
u[263,0,1,18] = 1.0
u[263,1,0,21] = 1.0
u[263,1,0,22] = 1.0
u[264,0,1,22] = 1.0
u[264,1,0,12] = 1.0
u[265,0,1,18] = 1.0
u[265,1,0,10] = 1.0
u[266,0,1,8] = 1.0
u[266,1,0,18] = 1.0
u[267,0,1,6] = 1.0
u[267,1,0,14] = 1.0
u[268,1,0,4] = 1.0
u[269,0,1,20] = 1.0
u[270,0,1,20] = 1.0
u[271,1,0,6] = 1.0
u[271,1,0,16] = 1.0
u[271,1,0,22] = 1.0
u[272,0,1,16] = 1.0
u[273,0,1,9] = 1.0
u[273,0,1,12] = 1.0
u[273,1,0,16] = 1.0
u[275,0,1,12] = 1.0
u[275,1,0,8] = 1.0
u[276,1,0,9] = 1.0
u[277,0,1,14] = 1.0
u[277,0,1,24] = 1.0
u[278,0,1,7] = 1.0
u[278,1,0,10] = 1.0
u[279,0,1,7] = 1.0
u[279,1,0,10] = 1.0
u[279,1,0,20] = 1.0
u[281,0,1,16] = 1.0
u[282,0,1,9] = 1.0
u[282,1,0,8] = 2.0
u[283,0,1,16] = 1.0
u[283,1,0,12] = 1.0
u[284,0,1,4] = 1.0
u[285,0,1,8] = 1.0
u[285,1,0,12] = 1.0
u[287,0,1,8] = 1.0
u[287,1,0,4] = 1.0
u[288,0,1,8] = 1.0
c[0,0,4,5] = 1.0
c[0,1,4,5] = 2.0
c[1,0,5,6] = 1.0
c[3,0,1,5] = 2.0
c[4,0,0,5] = 1.0
c[4,0,5,7] = 1.0
c[4,0,5,10] = 1.0
c[4,1,2,7] = 1.0
c[5,0,5,10] = 1.0
c[5,0,7,11] = 1.0
c[5,0,10,14] = 1.0
c[5,1,7,9] = 1.0
c[6,0,10,16] = 1.0
c[6,0,14,19] = 1.0
c[8,0,5,13] = 1.0
c[8,0,8,16] = 1.0
c[8,0,16,18] = 1.0
c[8,0,19,21] = 1.0
c[8,1,7,11] = 1.0
c[9,0,21,23] = 1.0
c[9,1,11,19] = 1.0
c[10,0,13,19] = 1.0
c[10,0,23,26] = 1.0
c[10,0,27,29] = 1.0
c[12,0,26,27] = 1.0
c[13,0,10,14] = 1.0
c[14,0,8,12] = 1.0
c[14,0,14,20] = 1.0
c[14,0,15,18] = 1.0
c[15,0,12,13] = 1.0
c[15,1,23,26] = 1.0
c[15,1,25,26] = 1.0
c[16,0,13,14] = 1.0
c[16,1,26,27] = 1.0
c[17,0,14,17] = 1.0
c[17,1,14,17] = 1.0
c[17,1,26,28] = 1.0
c[17,1,27,30] = 1.0
c[18,0,17,18] = 1.0
c[18,1,7,11] = 1.0
c[18,1,16,17] = 1.0
c[18,1,17,19] = 1.0
c[19,0,18,19] = 1.0
c[19,1,17,18] = 1.0
c[19,1,19,21] = 1.0
c[20,0,19,21] = 1.0
c[20,1,18,20] = 1.0
c[20,1,21,27] = 1.0
c[21,0,7,20] = 1.0
c[21,0,21,23] = 1.0
c[21,1,20,21] = 1.0
c[22,0,23,24] = 1.0
c[22,1,21,28] = 1.0
c[22,1,28,29] = 1.0
c[22,1,30,31] = 1.0
c[23,0,24,25] = 1.0
c[23,1,20,28] = 1.0
c[24,0,25,26] = 1.0
c[24,1,27,29] = 1.0
c[25,0,26,27] = 1.0
c[26,0,25,26] = 1.0
c[27,1,28,31] = 1.0
c[28,1,23,28] = 1.0
c[29,1,22,29] = 1.0
c[29,1,28,29] = 1.0
c[30,1,23,28] = 1.0
c[31,1,8,25] = 1.0
c[31,1,21,28] = 1.0
c[31,1,29,30] = 1.0
c[32,1,28,31] = 1.0
c[33,1,30,31] = 1.0
c[34,1,28,29] = 1.0
c[35,1,29,30] = 1.0
c[36,1,28,29] = 1.0
c[37,1,25,30] = 1.0
c[37,1,30,31] = 1.0
c[38,1,23,28] = 1.0
c[38,1,29,30] = 1.0
c[40,1,21,26] = 1.0
c[41,1,23,24] = 1.0
c[42,1,28,31] = 1.0
c[43,1,23,24] = 1.0
c[43,1,26,27] = 1.0
c[44,1,22,25] = 1.0
c[45,1,23,26] = 1.0
c[46,1,16,25] = 1.0
c[47,1,22,25] = 1.0
c[48,1,16,25] = 1.0
c[48,1,19,25] = 1.0
c[52,1,25,26] = 1.0
c[54,1,9,13] = 1.0
c[55,1,10,14] = 1.0
c[59,0,5,10] = 1.0
c[59,1,5,10] = 1.0
c[61,1,7,11] = 1.0
c[62,0,2,12] = 1.0
c[62,1,1,6] = 1.0
c[63,1,1,11] = 1.0
c[64,0,2,12] = 1.0
c[64,1,2,12] = 1.0
c[65,0,2,12] = 1.0
c[65,1,2,12] = 1.0
c[66,1,3,8] = 1.0
c[69,1,3,8] = 1.0
c[70,1,0,10] = 1.0
c[71,1,0,10] = 1.0
c[72,0,0,5] = 1.0
c[72,1,0,10] = 1.0
c[73,0,0,10] = 1.0
c[73,1,0,10] = 1.0
c[74,1,0,10] = 1.0
c[75,1,1,11] = 1.0
c[76,1,2,12] = 1.0
c[77,1,2,12] = 1.0
c[78,1,2,12] = 1.0
c[79,0,2,7] = 1.0
c[79,1,2,12] = 1.0
c[80,1,2,12] = 1.0
c[81,1,3,8] = 1.0
c[82,1,3,8] = 1.0
c[84,0,0,5] = 1.0
c[85,0,0,5] = 1.0
c[85,0,4,9] = 1.0
c[86,0,0,10] = 1.0
c[86,1,0,5] = 1.0
c[87,0,0,5] = 1.0
c[87,1,1,15] = 1.0
c[88,0,0,5] = 1.0
c[88,0,5,14] = 1.0
c[88,1,1,11] = 1.0
c[89,0,1,6] = 1.0
c[90,0,1,6] = 1.0
c[90,1,6,10] = 1.0
c[91,1,1,11] = 1.0
c[92,1,2,12] = 1.0
c[93,1,2,12] = 1.0
c[94,1,3,8] = 1.0
c[95,1,2,12] = 1.0
c[96,0,3,8] = 1.0
c[96,1,2,7] = 1.0
c[97,0,4,9] = 1.0
c[97,1,3,8] = 1.0
c[99,0,3,8] = 1.0
c[100,0,0,9] = 1.0
c[101,0,0,9] = 2.0
c[102,0,1,11] = 1.0
c[102,1,0,5] = 1.0
c[103,0,0,9] = 1.0
c[104,0,0,9] = 1.0
c[105,0,1,10] = 1.0
c[106,0,1,11] = 1.0
c[106,1,7,11] = 1.0
c[107,0,1,6] = 1.0
c[107,0,1,15] = 1.0
c[108,0,6,9] = 1.0
c[108,1,5,10] = 1.0
c[109,0,1,6] = 1.0
c[109,1,10,17] = 1.0
c[110,0,6,10] = 1.0
c[111,0,2,12] = 1.0
c[111,1,3,11] = 1.0
c[111,1,5,13] = 1.0
c[112,0,3,8] = 1.0
c[113,1,6,7] = 1.0
c[115,0,7,14] = 1.0
c[115,1,4,9] = 1.0
c[116,0,3,8] = 1.0
c[116,1,3,8] = 1.0
c[117,1,5,9] = 1.0
c[119,0,4,8] = 1.0
c[119,1,0,5] = 1.0
c[119,1,1,6] = 1.0
c[120,1,1,6] = 1.0
c[121,0,0,8] = 1.0
c[122,0,1,12] = 1.0
c[122,0,2,8] = 1.0
c[122,1,1,6] = 1.0
c[122,1,4,5] = 1.0
c[123,0,2,7] = 1.0
c[123,1,2,7] = 1.0
c[124,0,7,9] = 1.0
c[125,0,1,11] = 1.0
c[125,0,2,7] = 1.0
c[125,0,12,13] = 1.0
c[126,0,3,12] = 1.0
c[127,0,0,12] = 1.0
c[128,1,3,6] = 1.0
c[129,0,0,11] = 1.0
c[130,0,1,8] = 1.0
c[130,0,12,14] = 1.0
c[131,0,2,14] = 1.0
c[132,0,8,10] = 1.0
c[132,1,1,5] = 1.0
c[133,0,3,11] = 1.0
c[133,0,10,11] = 1.0
c[133,1,10,17] = 1.0
c[134,0,11,12] = 1.0
c[134,1,0,4] = 1.0
c[135,0,1,4] = 1.0
c[135,0,12,13] = 1.0
c[136,0,3,19] = 1.0
c[136,0,13,14] = 1.0
c[136,1,10,16] = 1.0
c[137,0,0,6] = 1.0
c[137,0,14,15] = 1.0
c[137,1,7,14] = 1.0
c[138,0,15,16] = 1.0
c[138,1,0,2] = 1.0
c[139,0,16,17] = 1.0
c[139,1,2,12] = 1.0
c[139,1,9,18] = 1.0
c[140,0,12,16] = 1.0
c[140,0,19,20] = 1.0
c[141,1,2,13] = 1.0
c[142,1,18,28] = 1.0
c[143,0,10,24] = 1.0
c[144,0,9,10] = 1.0
c[144,1,12,21] = 1.0
c[146,0,12,13] = 1.0
c[147,0,13,14] = 1.0
c[147,1,6,21] = 1.0
c[148,0,14,15] = 1.0
c[149,0,0,18] = 1.0
c[149,0,15,16] = 1.0
c[149,0,17,22] = 1.0
c[150,0,16,17] = 1.0
c[151,0,17,18] = 1.0
c[151,0,24,28] = 1.0
c[153,0,16,29] = 1.0
c[153,1,18,20] = 1.0
c[155,0,1,16] = 1.0
c[155,0,17,18] = 1.0
c[156,0,18,19] = 1.0
c[156,1,14,18] = 1.0
c[157,0,16,17] = 1.0
c[157,0,19,21] = 1.0
c[158,0,21,22] = 1.0
c[159,0,16,17] = 1.0
c[159,0,20,31] = 1.0
c[159,1,6,19] = 1.0
c[160,0,17,18] = 1.0
c[162,0,9,19] = 1.0
c[163,1,10,16] = 1.0
c[165,0,10,18] = 1.0
c[165,1,10,13] = 1.0
c[167,0,12,18] = 1.0
c[167,1,15,20] = 1.0
c[168,0,9,11] = 1.0
c[168,1,17,18] = 1.0
c[169,0,7,9] = 1.0
c[169,0,11,18] = 1.0
c[169,1,18,19] = 1.0
c[169,1,20,21] = 1.0
c[170,1,14,16] = 1.0
c[170,1,19,26] = 1.0
c[170,1,21,28] = 1.0
c[171,0,18,25] = 1.0
c[171,1,14,20] = 1.0
c[172,1,5,9] = 1.0
c[173,0,12,13] = 1.0
c[174,0,13,14] = 1.0
c[175,0,14,15] = 1.0
c[175,0,16,17] = 1.0
c[175,0,25,26] = 1.0
c[176,0,15,23] = 1.0
c[176,0,17,18] = 1.0
c[176,0,26,29] = 1.0
c[177,0,18,19] = 1.0
c[177,1,19,27] = 1.0
c[178,0,19,27] = 1.0
c[178,1,1,3] = 1.0
c[179,1,3,5] = 1.0
c[180,1,20,22] = 1.0
c[181,0,14,17] = 1.0
c[182,0,1,2] = 1.0
c[182,1,19,24] = 1.0
c[183,0,2,7] = 1.0
c[183,0,18,22] = 1.0
c[185,0,22,23] = 1.0
c[185,0,23,28] = 1.0
c[185,1,23,24] = 1.0
c[186,0,23,24] = 1.0
c[186,1,3,7] = 1.0
c[187,0,20,21] = 1.0
c[187,0,24,25] = 1.0
c[187,1,7,14] = 1.0
c[188,0,21,26] = 1.0
c[188,0,25,26] = 1.0
c[188,1,5,20] = 1.0
c[189,0,13,14] = 1.0
c[189,0,26,27] = 1.0
c[190,0,14,15] = 1.0
c[190,0,27,28] = 1.0
c[190,1,16,19] = 1.0
c[191,0,10,25] = 1.0
c[191,0,15,16] = 1.0
c[192,0,16,17] = 1.0
c[195,0,18,25] = 1.0
c[196,1,11,12] = 1.0
c[197,0,9,10] = 1.0
c[198,0,10,12] = 1.0
c[198,0,12,13] = 1.0
c[199,0,13,14] = 1.0
c[200,0,8,9] = 1.0
c[200,0,8,14] = 1.0
c[200,0,12,13] = 1.0
c[201,0,9,10] = 1.0
c[201,0,13,14] = 1.0
c[201,1,21,28] = 1.0
c[202,0,10,11] = 1.0
c[202,1,10,11] = 1.0
c[203,0,11,12] = 1.0
c[204,0,12,13] = 1.0
c[205,0,9,13] = 1.0
c[205,0,13,14] = 1.0
c[205,1,0,10] = 1.0
c[206,0,6,15] = 2.0
c[206,0,14,15] = 1.0
c[207,0,15,16] = 1.0
c[207,1,10,19] = 1.0
c[208,0,16,17] = 1.0
c[208,1,3,5] = 1.0
c[209,0,17,18] = 1.0
c[209,1,5,28] = 1.0
c[210,0,5,9] = 1.0
c[210,0,18,19] = 1.0
c[210,1,20,28] = 1.0
c[211,0,9,10] = 1.0
c[211,0,19,20] = 1.0
c[211,1,11,12] = 1.0
c[212,0,10,11] = 1.0
c[212,0,20,21] = 1.0
c[212,1,12,14] = 1.0
c[213,0,7,12] = 1.0
c[213,0,11,12] = 1.0
c[213,0,21,22] = 1.0
c[214,0,12,13] = 1.0
c[214,0,22,25] = 1.0
c[214,1,11,13] = 1.0
c[215,0,13,22] = 1.0
c[217,1,6,9] = 1.0
c[219,0,4,7] = 1.0
c[219,1,5,9] = 1.0
c[219,1,28,31] = 1.0
c[220,0,7,8] = 1.0
c[221,0,8,9] = 1.0
c[222,0,9,10] = 1.0
c[222,1,13,15] = 1.0
c[223,0,10,11] = 1.0
c[223,1,1,10] = 1.0
c[224,0,11,12] = 1.0
c[224,0,14,15] = 1.0
c[224,1,1,9] = 1.0
c[225,0,11,13] = 1.0
c[225,0,12,18] = 1.0
c[226,0,8,9] = 1.0
c[226,1,9,13] = 1.0
c[227,0,6,9] = 1.0
c[227,0,9,10] = 1.0
c[227,1,13,18] = 1.0
c[228,0,10,11] = 1.0
c[228,1,9,10] = 1.0
c[229,0,11,12] = 1.0
c[229,1,10,14] = 1.0
c[229,1,14,18] = 1.0
c[230,0,12,13] = 1.0
c[230,1,5,13] = 1.0
c[230,1,23,27] = 1.0
c[231,0,13,18] = 1.0
c[233,1,3,11] = 1.0
c[233,1,10,11] = 1.0
c[234,1,6,7] = 1.0
c[235,0,23,26] = 1.0
c[235,1,14,28] = 1.0
c[237,0,3,8] = 1.0
c[238,0,1,9] = 1.0
c[238,1,3,4] = 1.0
c[239,1,4,12] = 1.0
c[240,1,4,19] = 1.0
c[241,1,3,22] = 1.0
c[243,1,2,9] = 1.0
c[244,0,1,17] = 1.0
c[244,1,14,18] = 1.0
c[245,1,4,8] = 1.0
c[246,0,24,25] = 1.0
c[247,0,5,19] = 1.0
c[247,0,25,26] = 1.0
c[248,0,4,5] = 1.0
c[248,0,14,19] = 1.0
c[248,0,26,27] = 1.0
c[249,0,5,6] = 1.0
c[249,0,18,21] = 1.0
c[250,0,6,7] = 1.0
c[251,0,19,23] = 1.0
c[252,0,7,26] = 1.0
c[252,0,9,12] = 1.0
c[253,0,19,25] = 1.0
c[253,1,3,4] = 1.0
c[254,0,11,15] = 1.0
c[254,1,4,7] = 1.0
c[255,0,13,19] = 1.0
c[255,1,7,15] = 1.0
c[255,1,8,9] = 1.0
c[257,0,19,25] = 1.0
c[258,1,21,22] = 1.0
c[259,0,11,12] = 1.0
c[259,1,11,16] = 1.0
c[259,1,22,23] = 1.0
c[260,0,7,20] = 1.0
c[260,0,12,13] = 1.0
c[261,0,13,14] = 1.0
c[261,1,1,2] = 1.0
c[261,1,16,21] = 1.0
c[262,0,19,22] = 1.0
c[262,1,2,12] = 1.0
c[262,1,21,22] = 1.0
c[264,0,20,21] = 1.0
c[265,0,17,18] = 1.0
c[265,0,21,22] = 1.0
c[265,1,14,15] = 1.0
c[266,0,22,24] = 1.0
c[266,1,15,17] = 1.0
c[267,0,18,19] = 1.0
c[267,1,17,20] = 1.0
c[268,0,14,20] = 1.0
c[268,0,19,20] = 1.0
c[268,0,24,27] = 1.0
c[269,0,10,11] = 1.0
c[269,1,2,3] = 1.0
c[269,1,20,21] = 1.0
c[270,0,0,3] = 1.0
c[270,0,11,16] = 1.0
c[270,1,3,6] = 1.0
c[270,1,21,22] = 1.0
c[271,0,3,4] = 1.0
c[271,0,27,32] = 1.0
c[272,0,4,9] = 1.0
c[273,0,2,9] = 1.0
c[273,0,18,19] = 1.0
c[274,0,19,24] = 1.0
c[274,1,12,30] = 1.0
c[275,0,9,14] = 1.0
c[275,1,5,9] = 1.0
c[277,0,4,7] = 1.0
c[277,1,8,10] = 1.0
c[278,0,5,7] = 1.0
c[280,0,6,16] = 1.0
c[280,1,3,5] = 1.0
c[281,0,6,9] = 1.0
c[281,1,3,8] = 1.0
c[281,1,5,8] = 1.0
c[284,0,4,5] = 1.0
c[284,1,5,6] = 1.0
c[285,0,5,6] = 1.0
c[285,1,6,7] = 1.0
c[286,0,6,7] = 1.0
c[286,1,0,2] = 1.0
c[286,1,7,11] = 1.0
c[286,1,30,31] = 1.0
c[287,0,7,8] = 1.0
c[287,1,2,3] = 1.0
c[287,1,11,20] = 1.0
c[288,1,3,4] = 1.0
c[289,0,0,4] = 1.0
c[290,0,4,5] = 1.0
c[290,1,4,5] = 2.0
s[48,1,0] = 1.0
s[56,1,0] = 4.0
s[59,1,0] = 4.0
s[64,1,0] = 8.0
s[66,1,0] = 4.0
s[68,1,0] = 4.0
s[69,1,0] = 4.0
s[71,1,0] = 8.0
s[73,1,0] = 4.0
s[78,1,0] = 12.0
s[80,1,0] = 12.0
s[81,1,0] = 4.0
s[83,1,0] = 4.0
s[97,1,0] = 2.0
