results
n[0,1,0] = 1.0
n[0,1,7] = 3.0
n[0,1,19] = 1.0
n[1,1,7] = 3.0
n[3,0,23] = 2.0
n[4,0,23] = 2.0
n[4,1,12] = 1.0
n[5,0,16] = 1.0
n[6,0,9] = 1.0
n[7,0,8] = 1.0
n[11,0,19] = 1.0
n[16,1,18] = 1.0
n[18,1,19] = 1.0
n[18,1,30] = 1.0
n[19,1,30] = 1.0
n[21,1,17] = 1.0
n[21,1,31] = 1.0
n[22,1,17] = 1.0
n[23,1,26] = 1.0
n[38,0,28] = 2.0
n[42,1,32] = 1.0
n[45,0,28] = 1.0
n[48,1,24] = 1.0
n[49,1,24] = 1.0
n[50,1,24] = 1.0
n[51,1,24] = 1.0
n[52,1,24] = 2.0
n[53,1,24] = 1.0
n[54,1,24] = 1.0
n[70,1,24] = 1.0
n[71,1,24] = 1.0
n[72,1,24] = 1.0
n[73,1,24] = 1.0
n[74,1,24] = 1.0
n[258,1,0] = 1.0
n[262,1,0] = 1.0
n[265,1,4] = 2.0
n[267,1,2] = 1.0
n[269,1,4] = 2.0
n[270,0,4] = 1.0
n[270,1,4] = 2.0
n[271,1,13] = 1.0
n[273,0,4] = 1.0
n[273,1,0] = 1.0
n[274,0,4] = 1.0
n[275,0,0] = 3.0
n[275,0,4] = 1.0
n[275,1,0] = 1.0
n[275,1,4] = 1.0
n[278,0,4] = 2.0
n[278,1,6] = 2.0
n[279,1,3] = 1.0
n[280,1,3] = 1.0
n[281,1,3] = 1.0
n[282,0,6] = 2.0
n[282,0,8] = 1.0
n[282,1,2] = 1.0
n[283,0,8] = 1.0
n[286,0,16] = 1.0
n[286,1,7] = 1.0
n[287,0,4] = 1.0
n[287,1,4] = 3.0
n[289,0,3] = 1.0
n[289,1,19] = 1.0
n[290,1,0] = 1.0
n[290,1,7] = 3.0
n[290,1,19] = 1.0
u[1,0,1,4] = 1.0
u[1,1,0,11] = 1.0
u[2,0,1,24] = 1.0
u[3,0,1,7] = 1.0
u[3,1,0,7] = 1.0
u[3,1,0,8] = 2.0
u[4,0,1,16] = 1.0
u[4,1,0,20] = 1.0
u[5,0,1,23] = 2.0
u[5,1,0,12] = 1.0
u[6,0,1,9] = 1.0
u[6,0,1,16] = 2.0
u[6,1,0,12] = 2.0
u[7,0,1,9] = 2.0
u[7,0,1,23] = 1.0
u[7,1,0,11] = 1.0
u[7,1,0,19] = 1.0
u[8,0,1,8] = 3.0
u[8,1,0,5] = 1.0
u[8,1,0,12] = 2.0
u[9,0,1,7] = 1.0
u[10,1,0,4] = 1.0
u[12,0,1,19] = 1.0
u[14,0,1,9] = 1.0
u[17,0,1,26] = 2.0
u[17,1,0,25] = 1.0
u[18,0,1,26] = 1.0
u[19,0,1,21] = 1.0
u[19,1,0,17] = 1.0
u[20,1,0,30] = 1.0
u[21,0,1,13] = 1.0
u[22,0,1,26] = 1.0
u[22,1,0,31] = 1.0
u[25,1,0,32] = 1.0
u[27,0,1,28] = 1.0
u[28,1,0,30] = 1.0
u[29,0,1,30] = 1.0
u[31,1,0,26] = 1.0
u[32,0,1,28] = 1.0
u[33,0,1,22] = 1.0
u[33,1,0,28] = 1.0
u[35,0,1,24] = 1.0
u[36,1,0,32] = 2.0
u[38,1,0,32] = 1.0
u[39,0,1,28] = 2.0
u[39,1,0,32] = 1.0
u[40,0,1,28] = 1.0
u[41,0,1,28] = 1.0
u[41,1,0,30] = 1.0
u[42,1,0,32] = 1.0
u[43,0,1,26] = 1.0
u[43,1,0,32] = 1.0
u[44,0,1,28] = 1.0
u[44,1,0,32] = 1.0
u[46,0,1,28] = 2.0
u[47,1,0,32] = 1.0
u[48,1,0,32] = 1.0
u[49,0,1,28] = 1.0
u[49,1,0,31] = 2.0
u[50,0,1,28] = 1.0
u[50,1,0,32] = 1.0
u[51,0,1,27] = 2.0
u[51,1,0,24] = 1.0
u[51,1,0,31] = 2.0
u[52,0,1,28] = 1.0
u[52,1,0,31] = 1.0
u[53,0,1,20] = 1.0
u[53,0,1,27] = 2.0
u[53,1,0,23] = 2.0
u[53,1,0,24] = 1.0
u[53,1,0,30] = 1.0
u[53,1,0,31] = 1.0
u[54,0,1,27] = 1.0
u[55,0,1,19] = 2.0
u[55,0,1,20] = 1.0
u[55,0,1,26] = 1.0
u[55,0,1,27] = 1.0
u[55,1,0,23] = 1.0
u[55,1,0,24] = 1.0
u[56,1,0,31] = 1.0
u[57,0,1,19] = 1.0
u[57,0,1,20] = 1.0
u[58,0,1,27] = 1.0
u[58,1,0,27] = 1.0
u[58,1,0,31] = 1.0
u[59,1,0,26] = 1.0
u[59,1,0,29] = 1.0
u[60,0,1,23] = 1.0
u[60,0,1,27] = 1.0
u[60,1,0,28] = 1.0
u[61,0,1,25] = 1.0
u[62,1,0,23] = 1.0
u[62,1,0,26] = 1.0
u[63,0,1,25] = 2.0
u[63,1,0,29] = 1.0
u[64,0,1,19] = 1.0
u[64,0,1,22] = 1.0
u[64,1,0,28] = 2.0
u[65,0,1,25] = 1.0
u[65,1,0,25] = 1.0
u[65,1,0,30] = 1.0
u[66,0,1,24] = 2.0
u[66,1,0,28] = 1.0
u[67,0,1,26] = 1.0
u[67,1,0,30] = 1.0
u[68,0,1,23] = 1.0
u[68,0,1,24] = 1.0
u[68,1,0,28] = 1.0
u[69,0,1,26] = 1.0
u[69,1,0,22] = 1.0
u[69,1,0,27] = 1.0
u[69,1,0,30] = 1.0
u[70,0,1,24] = 1.0
u[70,1,0,24] = 1.0
u[70,1,0,28] = 1.0
u[71,0,1,18] = 1.0
u[71,0,1,23] = 1.0
u[71,0,1,26] = 1.0
u[71,1,0,22] = 1.0
u[71,1,0,27] = 1.0
u[72,0,1,20] = 1.0
u[72,0,1,24] = 1.0
u[72,1,0,24] = 1.0
u[72,1,0,27] = 1.0
u[72,1,0,28] = 1.0
u[73,0,1,18] = 1.0
u[73,0,1,23] = 1.0
u[73,1,0,19] = 1.0
u[73,1,0,22] = 1.0
u[73,1,0,25] = 1.0
u[74,0,1,20] = 1.0
u[74,0,1,23] = 1.0
u[74,0,1,24] = 1.0
u[74,1,0,20] = 1.0
u[74,1,0,24] = 1.0
u[75,0,1,15] = 1.0
u[75,0,1,18] = 1.0
u[75,0,1,21] = 1.0
u[75,1,0,24] = 1.0
u[76,0,1,16] = 1.0
u[76,1,0,19] = 1.0
u[76,1,0,22] = 1.0
u[77,0,1,20] = 1.0
u[77,0,1,22] = 1.0
u[77,1,0,11] = 1.0
u[77,1,0,17] = 1.0
u[77,1,0,20] = 1.0
u[78,0,1,15] = 1.0
u[78,0,1,18] = 1.0
u[78,1,0,12] = 1.0
u[78,1,0,24] = 1.0
u[78,1,0,25] = 2.0
u[79,0,1,13] = 1.0
u[79,0,1,16] = 1.0
u[79,1,0,16] = 1.0
u[79,1,0,18] = 1.0
u[79,1,0,20] = 1.0
u[80,1,0,14] = 1.0
u[80,1,0,25] = 1.0
u[81,0,1,16] = 1.0
u[81,0,1,23] = 1.0
u[81,1,0,9] = 1.0
u[81,1,0,12] = 1.0
u[82,0,1,24] = 1.0
u[82,1,0,18] = 1.0
u[83,0,1,19] = 1.0
u[83,0,1,20] = 1.0
u[83,0,1,23] = 1.0
u[83,0,1,26] = 1.0
u[83,1,0,19] = 1.0
u[84,0,1,23] = 1.0
u[84,1,0,15] = 1.0
u[84,1,0,20] = 1.0
u[85,0,1,20] = 1.0
u[85,0,1,23] = 1.0
u[85,1,0,16] = 1.0
u[85,1,0,19] = 1.0
u[85,1,0,22] = 1.0
u[86,0,1,11] = 1.0
u[86,0,1,16] = 1.0
u[86,0,1,18] = 1.0
u[86,1,0,18] = 1.0
u[86,1,0,19] = 1.0
u[87,0,1,18] = 1.0
u[87,0,1,20] = 1.0
u[87,1,0,16] = 1.0
u[87,1,0,19] = 1.0
u[88,0,1,14] = 1.0
u[88,0,1,15] = 1.0
u[88,0,1,18] = 1.0
u[88,0,1,24] = 1.0
u[88,1,0,12] = 1.0
u[88,1,0,14] = 1.0
u[89,0,1,25] = 1.0
u[89,1,0,16] = 1.0
u[90,0,1,18] = 1.0
u[90,0,1,21] = 1.0
u[90,1,0,11] = 1.0
u[91,0,1,12] = 1.0
u[91,1,0,14] = 1.0
u[91,1,0,20] = 1.0
u[91,1,0,21] = 1.0
u[92,0,1,16] = 1.0
u[92,0,1,17] = 1.0
u[92,0,1,21] = 1.0
u[92,1,0,17] = 1.0
u[92,1,0,20] = 1.0
u[92,1,0,24] = 1.0
u[93,0,1,10] = 1.0
u[93,0,1,16] = 1.0
u[93,0,1,17] = 1.0
u[93,1,0,8] = 1.0
u[93,1,0,17] = 1.0
u[93,1,0,23] = 1.0
u[94,0,1,13] = 1.0
u[94,0,1,16] = 1.0
u[94,0,1,20] = 1.0
u[94,1,0,12] = 1.0
u[94,1,0,13] = 1.0
u[94,1,0,17] = 1.0
u[95,0,1,13] = 1.0
u[95,0,1,19] = 1.0
u[95,1,0,6] = 1.0
u[95,1,0,12] = 1.0
u[95,1,0,13] = 1.0
u[96,0,1,8] = 1.0
u[96,0,1,9] = 2.0
u[96,0,1,13] = 1.0
u[96,0,1,21] = 1.0
u[96,1,0,9] = 1.0
u[96,1,0,12] = 1.0
u[96,1,0,16] = 1.0
u[97,0,1,8] = 1.0
u[97,0,1,9] = 1.0
u[97,1,0,9] = 1.0
u[97,1,0,15] = 1.0
u[98,0,1,8] = 1.0
u[98,0,1,12] = 1.0
u[98,1,0,5] = 1.0
u[98,1,0,9] = 1.0
u[98,1,0,17] = 1.0
u[99,0,1,12] = 1.0
u[99,1,0,5] = 1.0
u[99,1,0,9] = 1.0
u[99,1,0,10] = 1.0
u[100,0,1,10] = 1.0
u[100,0,1,13] = 1.0
u[100,0,1,14] = 1.0
u[100,1,0,4] = 1.0
u[100,1,0,8] = 1.0
u[100,1,0,9] = 1.0
u[101,0,1,6] = 1.0
u[101,0,1,10] = 1.0
u[101,0,1,18] = 1.0
u[101,1,0,8] = 1.0
u[102,1,0,6] = 1.0
u[102,1,0,9] = 1.0
u[102,1,0,10] = 1.0
u[103,0,1,9] = 1.0
u[103,0,1,10] = 1.0
u[103,1,0,6] = 1.0
u[103,1,0,14] = 1.0
u[104,0,1,6] = 1.0
u[104,0,1,9] = 1.0
u[104,0,1,10] = 1.0
u[104,0,1,15] = 1.0
u[104,0,1,17] = 1.0
u[104,0,1,18] = 1.0
u[104,1,0,7] = 1.0
u[105,0,1,10] = 2.0
u[105,1,0,5] = 1.0
u[105,1,0,6] = 1.0
u[106,0,1,12] = 1.0
u[106,1,0,6] = 1.0
u[106,1,0,11] = 1.0
u[106,1,0,13] = 1.0
u[106,1,0,14] = 1.0
u[107,0,1,8] = 1.0
u[107,0,1,12] = 1.0
u[107,1,0,6] = 2.0
u[108,0,1,9] = 1.0
u[108,1,0,8] = 1.0
u[108,1,0,12] = 1.0
u[108,1,0,14] = 1.0
u[109,0,1,12] = 1.0
u[109,0,1,14] = 1.0
u[109,1,0,4] = 1.0
u[109,1,0,8] = 1.0
u[110,0,1,12] = 1.0
u[110,0,1,15] = 2.0
u[110,1,0,5] = 1.0
u[111,0,1,4] = 1.0
u[111,0,1,9] = 1.0
u[111,0,1,12] = 3.0
u[111,0,1,14] = 1.0
u[111,1,0,8] = 1.0
u[111,1,0,10] = 1.0
u[112,0,1,5] = 1.0
u[112,1,0,8] = 1.0
u[112,1,0,11] = 2.0
u[113,0,1,4] = 1.0
u[113,0,1,6] = 2.0
u[113,1,0,8] = 3.0
u[113,1,0,10] = 1.0
u[114,0,1,4] = 1.0
u[114,0,1,7] = 2.0
u[114,1,0,5] = 1.0
u[114,1,0,10] = 1.0
u[115,0,1,4] = 3.0
u[115,0,1,6] = 1.0
u[115,1,0,6] = 1.0
u[116,0,1,6] = 1.0
u[116,1,0,5] = 1.0
u[116,1,0,7] = 2.0
u[117,1,0,5] = 1.0
u[117,1,0,8] = 2.0
u[118,0,1,7] = 1.0
u[118,0,1,11] = 1.0
u[118,1,0,5] = 2.0
u[119,0,1,8] = 2.0
u[119,1,0,7] = 1.0
u[119,1,0,10] = 1.0
u[119,1,0,12] = 1.0
u[120,1,0,7] = 1.0
u[121,0,1,8] = 1.0
u[121,0,1,13] = 2.0
u[121,1,0,4] = 1.0
u[121,1,0,8] = 1.0
u[122,0,1,8] = 1.0
u[122,0,1,10] = 1.0
u[122,0,1,15] = 1.0
u[122,0,1,18] = 1.0
u[122,1,0,9] = 1.0
u[123,0,1,8] = 1.0
u[123,0,1,15] = 1.0
u[123,1,0,9] = 2.0
u[124,0,1,18] = 1.0
u[124,1,0,6] = 1.0
u[124,1,0,9] = 1.0
u[124,1,0,11] = 1.0
u[124,1,0,14] = 1.0
u[125,0,1,10] = 2.0
u[125,0,1,13] = 1.0
u[125,1,0,9] = 1.0
u[125,1,0,11] = 1.0
u[126,0,1,5] = 1.0
u[126,0,1,7] = 1.0
u[126,0,1,10] = 3.0
u[126,1,0,9] = 1.0
u[126,1,0,14] = 1.0
u[127,0,1,5] = 1.0
u[127,0,1,7] = 2.0
u[127,1,0,6] = 2.0
u[127,1,0,9] = 1.0
u[128,0,1,10] = 1.0
u[128,1,0,6] = 3.0
u[129,0,1,10] = 1.0
u[129,1,0,6] = 1.0
u[129,1,0,8] = 1.0
u[130,0,1,7] = 2.0
u[130,0,1,10] = 1.0
u[130,1,0,6] = 1.0
u[130,1,0,8] = 2.0
u[131,0,1,4] = 1.0
u[131,0,1,7] = 1.0
u[131,1,0,6] = 1.0
u[131,1,0,11] = 1.0
u[132,0,1,7] = 1.0
u[132,0,1,12] = 2.0
u[132,1,0,6] = 1.0
u[133,0,1,7] = 1.0
u[133,0,1,9] = 2.0
u[133,1,0,8] = 2.0
u[134,0,1,7] = 1.0
u[134,0,1,12] = 1.0
u[134,1,0,8] = 3.0
u[135,0,1,4] = 2.0
u[135,0,1,7] = 1.0
u[135,1,0,8] = 1.0
u[135,1,0,10] = 1.0
u[136,0,1,4] = 3.0
u[136,1,0,8] = 2.0
u[136,1,0,10] = 2.0
u[137,0,1,4] = 1.0
u[137,0,1,6] = 1.0
u[137,1,0,8] = 1.0
u[138,0,1,4] = 2.0
u[138,0,1,6] = 2.0
u[138,1,0,5] = 2.0
u[138,1,0,8] = 1.0
u[139,0,1,4] = 1.0
u[139,1,0,5] = 1.0
u[140,0,1,4] = 1.0
u[140,1,0,5] = 1.0
u[140,1,0,10] = 1.0
u[141,0,1,6] = 2.0
u[141,1,0,12] = 1.0
u[141,1,0,14] = 1.0
u[142,0,1,6] = 1.0
u[142,1,0,12] = 2.0
u[143,0,1,8] = 1.0
u[143,0,1,10] = 1.0
u[143,1,0,14] = 1.0
u[144,0,1,15] = 1.0
u[144,1,0,7] = 1.0
u[144,1,0,17] = 1.0
u[145,0,1,10] = 1.0
u[145,0,1,15] = 1.0
u[145,1,0,6] = 1.0
u[145,1,0,12] = 1.0
u[146,0,1,13] = 1.0
u[146,1,0,11] = 1.0
u[146,1,0,12] = 1.0
u[146,1,0,20] = 1.0
u[147,0,1,8] = 1.0
u[147,1,0,6] = 1.0
u[147,1,0,20] = 1.0
u[148,0,1,12] = 1.0
u[148,0,1,16] = 1.0
u[148,1,0,9] = 1.0
u[149,0,1,12] = 1.0
u[149,0,1,16] = 1.0
u[149,1,0,18] = 1.0
u[150,0,1,16] = 1.0
u[150,0,1,25] = 2.0
u[150,1,0,22] = 1.0
u[151,0,1,12] = 1.0
u[151,1,0,12] = 1.0
u[152,0,1,18] = 1.0
u[152,0,1,21] = 1.0
u[152,1,0,21] = 1.0
u[153,0,1,20] = 1.0
u[153,1,0,19] = 1.0
u[153,1,0,21] = 1.0
u[153,1,0,23] = 1.0
u[154,1,0,22] = 1.0
u[155,0,1,15] = 1.0
u[155,1,0,21] = 1.0
u[156,0,1,19] = 1.0
u[156,0,1,22] = 1.0
u[156,0,1,24] = 1.0
u[156,1,0,20] = 1.0
u[156,1,0,22] = 1.0
u[157,0,1,22] = 1.0
u[157,1,0,25] = 1.0
u[158,0,1,18] = 1.0
u[158,0,1,25] = 1.0
u[158,1,0,15] = 1.0
u[158,1,0,18] = 1.0
u[158,1,0,20] = 1.0
u[159,0,1,22] = 1.0
u[159,1,0,25] = 2.0
u[160,0,1,23] = 1.0
u[161,0,1,27] = 1.0
u[161,1,0,18] = 1.0
u[161,1,0,23] = 1.0
u[162,0,1,23] = 2.0
u[162,0,1,25] = 1.0
u[162,1,0,20] = 1.0
u[163,0,1,22] = 1.0
u[163,1,0,23] = 1.0
u[164,0,1,25] = 1.0
u[164,1,0,27] = 2.0
u[165,0,1,19] = 1.0
u[165,1,0,23] = 1.0
u[165,1,0,25] = 1.0
u[166,0,1,23] = 1.0
u[166,0,1,25] = 1.0
u[167,0,1,21] = 1.0
u[167,0,1,24] = 1.0
u[167,0,1,27] = 1.0
u[167,1,0,15] = 1.0
u[167,1,0,25] = 2.0
u[168,0,1,25] = 1.0
u[168,0,1,26] = 1.0
u[169,1,0,20] = 1.0
u[169,1,0,23] = 2.0
u[170,0,1,23] = 2.0
u[170,1,0,22] = 1.0
u[170,1,0,27] = 1.0
u[171,0,1,16] = 1.0
u[171,1,0,22] = 1.0
u[171,1,0,23] = 1.0
u[171,1,0,25] = 1.0
u[171,1,0,28] = 1.0
u[172,0,1,23] = 1.0
u[172,1,0,19] = 1.0
u[173,0,1,19] = 1.0
u[173,0,1,24] = 1.0
u[173,1,0,12] = 1.0
u[173,1,0,21] = 1.0
u[174,0,1,25] = 2.0
u[174,1,0,19] = 1.0
u[175,1,0,15] = 1.0
u[175,1,0,20] = 1.0
u[176,0,1,27] = 1.0
u[176,0,1,30] = 1.0
u[177,0,1,27] = 1.0
u[177,1,0,23] = 2.0
u[178,0,1,27] = 1.0
u[178,0,1,28] = 1.0
u[178,1,0,23] = 1.0
u[178,1,0,26] = 1.0
u[179,0,1,19] = 2.0
u[179,1,0,23] = 1.0
u[180,0,1,22] = 1.0
u[180,1,0,23] = 1.0
u[180,1,0,24] = 1.0
u[181,0,1,25] = 1.0
u[181,0,1,28] = 1.0
u[181,1,0,15] = 1.0
u[182,0,1,19] = 1.0
u[182,1,0,18] = 2.0
u[183,0,1,25] = 1.0
u[183,0,1,28] = 1.0
u[183,0,1,29] = 1.0
u[183,1,0,24] = 1.0
u[184,0,1,24] = 1.0
u[184,0,1,25] = 1.0
u[184,1,0,15] = 1.0
u[184,1,0,23] = 1.0
u[185,0,1,28] = 1.0
u[185,0,1,29] = 1.0
u[185,1,0,21] = 1.0
u[185,1,0,24] = 1.0
u[185,1,0,25] = 1.0
u[186,0,1,19] = 1.0
u[186,1,0,21] = 1.0
u[187,0,1,17] = 1.0
u[187,0,1,20] = 1.0
u[187,0,1,24] = 1.0
u[187,1,0,24] = 1.0
u[187,1,0,25] = 1.0
u[188,0,1,18] = 1.0
u[188,0,1,24] = 2.0
u[188,1,0,15] = 1.0
u[188,1,0,24] = 1.0
u[189,0,1,20] = 1.0
u[189,1,0,13] = 1.0
u[189,1,0,16] = 1.0
u[189,1,0,20] = 1.0
u[190,0,1,22] = 1.0
u[190,0,1,23] = 1.0
u[190,0,1,26] = 1.0
u[190,1,0,14] = 1.0
u[190,1,0,20] = 2.0
u[191,0,1,28] = 1.0
u[191,1,0,16] = 1.0
u[192,0,1,13] = 1.0
u[192,0,1,18] = 1.0
u[192,0,1,24] = 1.0
u[192,1,0,18] = 1.0
u[192,1,0,19] = 1.0
u[192,1,0,22] = 1.0
u[193,0,1,12] = 1.0
u[193,1,0,24] = 1.0
u[194,0,1,15] = 1.0
u[194,0,1,18] = 1.0
u[194,0,1,21] = 1.0
u[194,1,0,9] = 1.0
u[194,1,0,14] = 1.0
u[194,1,0,20] = 1.0
u[195,0,1,25] = 1.0
u[195,1,0,8] = 1.0
u[196,0,1,16] = 1.0
u[196,0,1,25] = 2.0
u[196,1,0,11] = 1.0
u[196,1,0,14] = 1.0
u[196,1,0,17] = 1.0
u[197,0,1,24] = 2.0
u[197,1,0,21] = 1.0
u[198,0,1,10] = 1.0
u[198,0,1,13] = 1.0
u[198,0,1,24] = 1.0
u[198,1,0,12] = 1.0
u[198,1,0,21] = 2.0
u[199,0,1,17] = 1.0
u[199,0,1,20] = 1.0
u[199,1,0,20] = 2.0
u[200,0,1,17] = 2.0
u[200,0,1,20] = 1.0
u[200,1,0,6] = 1.0
u[200,1,0,9] = 1.0
u[200,1,0,20] = 1.0
u[201,0,1,16] = 2.0
u[201,1,0,13] = 1.0
u[201,1,0,16] = 1.0
u[202,0,1,16] = 1.0
u[202,0,1,21] = 1.0
u[202,0,1,22] = 1.0
u[202,1,0,13] = 2.0
u[202,1,0,16] = 1.0
u[203,0,1,9] = 1.0
u[203,0,1,10] = 1.0
u[203,0,1,12] = 1.0
u[203,0,1,19] = 1.0
u[203,1,0,12] = 2.0
u[204,0,1,12] = 2.0
u[204,1,0,12] = 1.0
u[204,1,0,17] = 1.0
u[204,1,0,18] = 1.0
u[205,0,1,13] = 2.0
u[205,1,0,5] = 1.0
u[205,1,0,6] = 1.0
u[205,1,0,8] = 1.0
u[205,1,0,15] = 1.0
u[206,0,1,13] = 1.0
u[206,0,1,14] = 1.0
u[206,1,0,8] = 2.0
u[207,0,1,11] = 1.0
u[207,0,1,16] = 2.0
u[207,1,0,9] = 2.0
u[208,0,1,9] = 1.0
u[208,0,1,16] = 1.0
u[208,1,0,9] = 1.0
u[208,1,0,10] = 1.0
u[209,0,1,9] = 2.0
u[209,0,1,12] = 1.0
u[209,1,0,7] = 1.0
u[209,1,0,12] = 2.0
u[210,0,1,6] = 1.0
u[210,0,1,10] = 1.0
u[210,1,0,5] = 1.0
u[210,1,0,12] = 1.0
u[211,0,1,8] = 1.0
u[211,0,1,10] = 1.0
u[211,1,0,5] = 2.0
u[211,1,0,8] = 1.0
u[212,1,0,6] = 1.0
u[213,0,1,20] = 1.0
u[213,0,1,23] = 1.0
u[213,1,0,6] = 1.0
u[214,0,1,16] = 2.0
u[214,0,1,19] = 1.0
u[214,1,0,9] = 1.0
u[214,1,0,12] = 1.0
u[215,0,1,13] = 1.0
u[215,0,1,15] = 1.0
u[215,1,0,16] = 1.0
u[215,1,0,19] = 1.0
u[216,0,1,12] = 1.0
u[216,0,1,15] = 2.0
u[216,1,0,12] = 2.0
u[216,1,0,15] = 1.0
u[217,0,1,10] = 1.0
u[217,0,1,12] = 2.0
u[217,1,0,9] = 1.0
u[217,1,0,11] = 1.0
u[218,0,1,18] = 1.0
u[218,1,0,8] = 1.0
u[218,1,0,11] = 2.0
u[219,0,1,19] = 1.0
u[219,1,0,6] = 1.0
u[219,1,0,8] = 2.0
u[220,0,1,10] = 1.0
u[220,0,1,16] = 1.0
u[220,0,1,18] = 1.0
u[220,1,0,14] = 1.0
u[221,0,1,19] = 1.0
u[221,1,0,15] = 1.0
u[222,0,1,10] = 1.0
u[222,1,0,6] = 1.0
u[222,1,0,12] = 1.0
u[222,1,0,14] = 1.0
u[223,0,1,12] = 1.0
u[223,0,1,21] = 1.0
u[223,1,0,15] = 1.0
u[224,0,1,21] = 2.0
u[224,1,0,6] = 1.0
u[225,0,1,12] = 1.0
u[225,0,1,18] = 1.0
u[225,0,1,22] = 1.0
u[225,1,0,8] = 1.0
u[225,1,0,17] = 1.0
u[226,0,1,12] = 1.0
u[226,0,1,17] = 1.0
u[226,0,1,22] = 2.0
u[226,1,0,17] = 2.0
u[227,0,1,13] = 1.0
u[227,0,1,18] = 1.0
u[227,1,0,8] = 1.0
u[227,1,0,14] = 1.0
u[227,1,0,18] = 1.0
u[228,0,1,9] = 1.0
u[228,0,1,12] = 1.0
u[228,0,1,13] = 2.0
u[228,1,0,8] = 1.0
u[228,1,0,13] = 1.0
u[228,1,0,18] = 2.0
u[229,0,1,10] = 1.0
u[229,0,1,14] = 1.0
u[229,1,0,9] = 1.0
u[229,1,0,14] = 1.0
u[230,0,1,9] = 2.0
u[230,0,1,14] = 2.0
u[230,1,0,8] = 1.0
u[230,1,0,9] = 2.0
u[231,0,1,5] = 1.0
u[231,0,1,9] = 1.0
u[231,0,1,10] = 1.0
u[231,1,0,6] = 1.0
u[231,1,0,10] = 2.0
u[232,0,1,4] = 1.0
u[232,0,1,5] = 2.0
u[232,1,0,5] = 2.0
u[232,1,0,10] = 2.0
u[233,0,1,6] = 2.0
u[233,1,0,5] = 1.0
u[233,1,0,6] = 1.0
u[234,0,1,6] = 2.0
u[234,1,0,6] = 1.0
u[235,0,1,12] = 1.0
u[235,1,0,5] = 1.0
u[235,1,0,6] = 2.0
u[236,0,1,11] = 2.0
u[236,1,0,7] = 2.0
u[237,0,1,11] = 1.0
u[237,0,1,12] = 1.0
u[237,1,0,8] = 1.0
u[238,0,1,6] = 1.0
u[238,0,1,12] = 1.0
u[238,1,0,7] = 2.0
u[238,1,0,12] = 2.0
u[239,0,1,8] = 2.0
u[239,0,1,12] = 2.0
u[239,1,0,7] = 1.0
u[239,1,0,8] = 1.0
u[240,0,1,8] = 2.0
u[240,0,1,9] = 1.0
u[240,1,0,8] = 1.0
u[241,0,1,4] = 1.0
u[241,0,1,8] = 2.0
u[241,1,0,4] = 2.0
u[241,1,0,8] = 2.0
u[242,0,1,4] = 1.0
u[242,0,1,8] = 1.0
u[242,1,0,5] = 1.0
u[242,1,0,12] = 1.0
u[243,0,1,4] = 2.0
u[243,1,0,9] = 2.0
u[244,0,1,5] = 1.0
u[244,1,0,4] = 1.0
u[244,1,0,5] = 1.0
u[244,1,0,9] = 2.0
u[245,0,1,5] = 2.0
u[245,0,1,10] = 1.0
u[245,0,1,12] = 1.0
u[245,1,0,5] = 1.0
u[246,1,0,5] = 2.0
u[247,0,1,10] = 2.0
u[247,0,1,15] = 1.0
u[247,1,0,6] = 1.0
u[247,1,0,8] = 1.0
u[248,0,1,10] = 1.0
u[248,0,1,11] = 1.0
u[248,1,0,6] = 2.0
u[248,1,0,11] = 1.0
u[249,0,1,4] = 1.0
u[249,0,1,6] = 2.0
u[249,0,1,11] = 1.0
u[249,1,0,6] = 2.0
u[249,1,0,11] = 1.0
u[250,0,1,7] = 2.0
u[250,1,0,6] = 1.0
u[250,1,0,7] = 1.0
u[251,0,1,7] = 1.0
u[251,1,0,7] = 1.0
u[252,0,1,12] = 2.0
u[252,1,0,7] = 2.0
u[253,0,1,7] = 1.0
u[253,0,1,12] = 2.0
u[253,1,0,8] = 2.0
u[253,1,0,9] = 1.0
u[254,0,1,7] = 1.0
u[254,0,1,12] = 1.0
u[254,1,0,8] = 3.0
u[255,0,1,4] = 2.0
u[255,0,1,5] = 1.0
u[255,0,1,8] = 2.0
u[255,1,0,8] = 2.0
u[256,0,1,4] = 3.0
u[256,1,0,8] = 2.0
u[257,0,1,4] = 2.0
u[257,1,0,4] = 2.0
u[257,1,0,8] = 1.0
u[258,0,1,4] = 2.0
u[258,1,0,4] = 1.0
u[259,0,1,4] = 1.0
u[259,1,0,4] = 1.0
u[259,1,0,10] = 1.0
u[260,0,1,4] = 1.0
u[260,0,1,5] = 1.0
u[260,1,0,10] = 2.0
u[261,0,1,6] = 1.0
u[261,1,0,6] = 2.0
u[262,0,1,4] = 1.0
u[262,0,1,6] = 2.0
u[262,1,0,8] = 1.0
u[263,0,1,11] = 1.0
u[263,1,0,12] = 2.0
u[264,0,1,4] = 2.0
u[264,1,0,5] = 1.0
u[264,1,0,11] = 1.0
u[265,0,1,8] = 3.0
u[265,1,0,4] = 1.0
u[265,1,0,7] = 1.0
u[265,1,0,12] = 2.0
u[266,0,1,7] = 1.0
u[266,1,0,4] = 2.0
u[267,0,1,6] = 1.0
u[267,0,1,8] = 2.0
u[268,0,1,8] = 1.0
u[268,1,0,8] = 4.0
u[269,0,1,5] = 1.0
u[269,1,0,4] = 1.0
u[270,0,1,4] = 4.0
u[270,1,0,4] = 2.0
u[271,0,1,4] = 1.0
u[271,1,0,4] = 2.0
u[272,0,1,5] = 1.0
u[272,0,1,17] = 1.0
u[272,1,0,4] = 1.0
u[272,1,0,13] = 1.0
u[273,0,1,4] = 1.0
u[273,1,0,4] = 3.0
u[274,0,1,9] = 1.0
u[274,1,0,6] = 1.0
u[274,1,0,13] = 1.0
u[275,0,1,8] = 2.0
u[276,0,1,4] = 1.0
u[276,1,0,4] = 1.0
u[277,0,1,12] = 2.0
u[277,1,0,10] = 1.0
u[278,0,1,9] = 1.0
u[278,1,0,7] = 1.0
u[279,0,1,4] = 2.0
u[279,1,0,6] = 2.0
u[279,1,0,20] = 1.0
u[280,0,1,6] = 1.0
u[280,0,1,10] = 2.0
u[280,1,0,12] = 2.0
u[281,0,1,4] = 1.0
u[281,1,0,7] = 1.0
u[282,0,1,8] = 1.0
u[282,1,0,6] = 2.0
u[283,0,1,6] = 2.0
u[283,1,0,10] = 1.0
u[284,0,1,4] = 1.0
u[284,1,0,4] = 1.0
u[285,0,1,6] = 3.0
u[285,1,0,15] = 1.0
u[286,0,1,26] = 1.0
u[287,0,1,11] = 1.0
u[287,1,0,7] = 1.0
u[288,0,1,4] = 1.0
u[288,1,0,4] = 3.0
u[288,1,0,22] = 2.0
c[0,0,0,4] = 2.0
c[0,0,0,15] = 1.0
c[0,0,3,9] = 1.0
c[0,0,18,23] = 2.0
c[0,0,22,24] = 1.0
c[0,1,10,11] = 1.0
c[1,0,4,23] = 1.0
c[1,1,0,7] = 1.0
c[1,1,19,32] = 1.0
c[2,0,9,16] = 1.0
c[2,1,7,8] = 2.0
c[2,1,7,12] = 1.0
c[3,1,0,12] = 1.0
c[4,0,15,16] = 1.0
c[5,0,3,9] = 1.0
c[5,0,4,9] = 2.0
c[5,1,3,11] = 1.0
c[7,1,19,28] = 1.0
c[9,0,15,19] = 1.0
c[9,1,5,9] = 2.0
c[9,1,19,30] = 1.0
c[10,0,1,26] = 1.0
c[10,0,8,26] = 2.0
c[10,1,4,8] = 1.0
c[10,1,4,25] = 1.0
c[10,1,9,32] = 2.0
c[11,1,3,16] = 1.0
c[11,1,8,17] = 1.0
c[12,0,0,4] = 1.0
c[13,0,4,9] = 1.0
c[13,1,28,30] = 1.0
c[14,1,15,17] = 1.0
c[14,1,16,32] = 1.0
c[14,1,17,32] = 1.0
c[15,1,17,18] = 1.0
c[16,1,5,17] = 1.0
c[17,1,18,19] = 1.0
c[17,1,30,31] = 1.0
c[19,1,19,26] = 1.0
c[19,1,22,27] = 2.0
c[20,1,22,30] = 1.0
c[23,1,9,11] = 1.0
c[23,1,17,23] = 1.0
c[23,1,27,32] = 2.0
c[24,0,27,30] = 1.0
c[24,1,11,20] = 1.0
c[24,1,22,31] = 1.0
c[24,1,26,32] = 1.0
c[26,1,23,28] = 1.0
c[27,1,20,24] = 1.0
c[29,1,24,26] = 1.0
c[29,1,24,32] = 1.0
c[30,0,26,28] = 1.0
c[30,1,28,32] = 1.0
c[31,1,26,28] = 1.0
c[34,1,24,29] = 1.0
c[35,1,18,30] = 1.0
c[35,1,31,32] = 1.0
c[37,1,20,24] = 1.0
c[39,1,24,31] = 1.0
c[39,1,29,30] = 1.0
c[41,1,24,31] = 2.0
c[42,1,24,31] = 1.0
c[43,1,24,31] = 1.0
c[45,1,22,25] = 1.0
c[45,1,30,31] = 1.0
c[46,1,24,31] = 1.0
c[47,1,25,30] = 1.0
c[48,1,24,31] = 1.0
c[54,1,24,29] = 1.0
c[55,1,16,30] = 1.0
c[55,1,23,27] = 1.0
c[56,1,23,28] = 1.0
c[57,1,15,28] = 2.0
c[57,1,16,30] = 1.0
c[57,1,22,29] = 1.0
c[57,1,23,26] = 1.0
c[59,1,15,28] = 1.0
c[59,1,16,25] = 1.0
c[60,1,23,26] = 1.0
c[61,0,22,25] = 1.0
c[62,0,24,25] = 1.0
c[62,1,19,25] = 1.0
c[63,1,21,28] = 1.0
c[63,1,25,30] = 1.0
c[65,1,21,26] = 1.0
c[65,1,21,28] = 1.0
c[66,1,15,18] = 1.0
c[66,1,18,27] = 1.0
c[67,0,21,23] = 1.0
c[67,1,18,27] = 1.0
c[67,1,21,28] = 1.0
c[68,1,20,24] = 2.0
c[68,1,26,27] = 1.0
c[70,1,19,25] = 1.0
c[70,1,20,24] = 1.0
c[72,1,20,24] = 1.0
c[73,1,14,17] = 1.0
c[74,1,16,25] = 1.0
c[74,1,17,22] = 1.0
c[75,1,14,20] = 1.0
c[75,1,19,25] = 1.0
c[76,0,20,22] = 1.0
c[76,1,16,25] = 1.0
c[76,1,20,24] = 1.0
c[77,1,14,20] = 1.0
c[79,0,7,23] = 1.0
c[80,0,8,19] = 1.0
c[80,0,20,24] = 1.0
c[80,0,21,23] = 1.0
c[80,0,21,26] = 1.0
c[80,1,11,18] = 1.0
c[81,0,12,23] = 1.0
c[81,0,14,20] = 1.0
c[82,0,10,14] = 1.0
c[82,0,21,23] = 1.0
c[83,0,5,10] = 1.0
c[83,0,8,25] = 1.0
c[83,0,14,20] = 1.0
c[83,1,12,15] = 1.0
c[84,0,10,20] = 1.0
c[84,0,14,24] = 1.0
c[85,0,15,18] = 1.0
c[85,1,15,18] = 1.0
c[87,0,12,21] = 1.0
c[87,0,15,18] = 1.0
c[88,1,7,23] = 1.0
c[89,0,12,21] = 1.0
c[89,0,15,18] = 1.0
c[89,1,14,20] = 1.0
c[90,0,8,16] = 1.0
c[90,0,10,17] = 1.0
c[90,1,10,14] = 1.0
c[90,1,14,20] = 1.0
c[90,1,20,24] = 1.0
c[92,0,7,21] = 1.0
c[92,1,14,17] = 1.0
c[95,0,4,9] = 1.0
c[97,0,2,12] = 1.0
c[98,0,5,10] = 1.0
c[98,1,4,9] = 1.0
c[98,1,5,10] = 1.0
c[99,0,5,10] = 1.0
c[99,0,10,14] = 1.0
c[99,0,11,18] = 1.0
c[99,1,4,9] = 1.0
c[100,0,1,18] = 1.0
c[100,0,5,10] = 1.0
c[101,0,1,15] = 1.0
c[101,0,5,17] = 1.0
c[102,0,0,10] = 1.0
c[102,0,4,9] = 1.0
c[102,0,5,10] = 1.0
c[103,0,4,9] = 1.0
c[103,1,2,7] = 1.0
c[104,0,2,12] = 1.0
c[104,0,5,10] = 1.0
c[105,0,2,12] = 1.0
c[106,0,3,8] = 1.0
c[106,1,2,12] = 1.0
c[106,1,5,14] = 1.0
c[107,0,1,15] = 1.0
c[107,0,2,12] = 1.0
c[108,0,2,12] = 1.0
c[108,0,7,15] = 1.0
c[108,0,10,14] = 1.0
c[109,0,2,12] = 2.0
c[110,0,4,9] = 1.0
c[110,0,8,12] = 1.0
c[110,0,10,14] = 1.0
c[111,0,0,5] = 1.0
c[112,0,1,6] = 1.0
c[113,1,0,5] = 1.0
c[113,1,5,10] = 1.0
c[114,1,1,6] = 1.0
c[115,1,0,5] = 1.0
c[115,1,2,7] = 2.0
c[116,0,1,11] = 1.0
c[116,1,0,5] = 1.0
c[116,1,3,8] = 2.0
c[117,0,2,7] = 1.0
c[117,1,0,5] = 2.0
c[117,1,0,10] = 1.0
c[117,1,2,12] = 1.0
c[118,0,1,15] = 1.0
c[118,0,3,8] = 2.0
c[118,1,2,7] = 1.0
c[119,0,1,15] = 1.0
c[119,0,4,13] = 2.0
c[120,0,1,15] = 1.0
c[120,0,1,18] = 1.0
c[120,1,3,8] = 1.0
c[121,0,3,8] = 1.0
c[121,0,6,10] = 1.0
c[121,0,15,18] = 1.0
c[121,1,4,9] = 1.0
c[122,0,3,8] = 1.0
c[123,0,0,5] = 1.0
c[123,0,4,9] = 1.0
c[123,1,4,9] = 1.0
c[124,0,5,10] = 2.0
c[124,0,9,13] = 1.0
c[124,1,4,9] = 1.0
c[125,0,5,10] = 2.0
c[125,1,4,9] = 1.0
c[126,0,2,7] = 1.0
c[128,0,5,10] = 1.0
c[128,1,1,6] = 1.0
c[128,1,3,8] = 1.0
c[129,0,2,7] = 2.0
c[129,0,5,10] = 1.0
c[129,1,1,11] = 1.0
c[129,1,3,8] = 2.0
c[130,0,2,7] = 1.0
c[130,0,2,12] = 2.0
c[131,0,2,7] = 1.0
c[132,0,2,12] = 1.0
c[132,0,4,9] = 2.0
c[132,1,3,8] = 2.0
c[133,0,2,7] = 1.0
c[133,1,0,10] = 1.0
c[133,1,3,8] = 1.0
c[134,0,2,7] = 1.0
c[134,1,3,8] = 1.0
c[135,1,3,8] = 1.0
c[135,1,5,10] = 2.0
c[136,1,3,8] = 1.0
c[137,1,0,5] = 2.0
c[137,1,3,8] = 1.0
c[138,1,0,5] = 3.0
c[139,1,0,5] = 1.0
c[139,1,2,12] = 1.0
c[139,1,5,10] = 1.0
c[139,1,5,14] = 1.0
c[140,0,1,6] = 2.0
c[140,1,0,5] = 1.0
c[140,1,0,14] = 1.0
c[140,1,2,12] = 2.0
c[141,0,1,15] = 1.0
c[141,1,0,20] = 1.0
c[141,1,5,17] = 1.0
c[142,0,1,15] = 1.0
c[142,1,0,5] = 1.0
c[143,1,2,7] = 1.0
c[143,1,2,12] = 1.0
c[143,1,5,20] = 1.0
c[144,0,8,25] = 2.0
c[144,1,2,12] = 1.0
c[145,1,4,22] = 1.0
c[146,0,3,8] = 1.0
c[147,0,2,12] = 1.0
c[147,0,8,12] = 1.0
c[147,1,11,18] = 1.0
c[148,0,7,21] = 1.0
c[148,0,8,16] = 1.0
c[149,0,2,12] = 1.0
c[149,1,4,22] = 1.0
c[150,0,5,14] = 1.0
c[150,1,8,19] = 1.0
c[150,1,12,21] = 1.0
c[151,0,14,20] = 1.0
c[151,1,8,25] = 1.0
c[152,0,14,24] = 1.0
c[152,1,12,21] = 1.0
c[152,1,21,23] = 1.0
c[153,0,8,19] = 1.0
c[153,1,8,25] = 1.0
c[154,0,17,22] = 1.0
c[154,1,14,20] = 1.0
c[154,1,17,22] = 1.0
c[155,0,17,22] = 1.0
c[155,0,19,25] = 1.0
c[155,1,16,25] = 1.0
c[156,0,18,27] = 1.0
c[157,0,17,22] = 1.0
c[157,1,11,27] = 1.0
c[158,0,16,25] = 1.0
c[159,0,21,23] = 1.0
c[159,1,18,27] = 1.0
c[160,0,11,18] = 1.0
c[160,0,14,22] = 1.0
c[160,0,16,25] = 1.0
c[160,1,14,20] = 1.0
c[160,1,21,23] = 1.0
c[161,0,21,23] = 2.0
c[162,0,18,27] = 1.0
c[162,1,19,25] = 1.0
c[163,0,14,24] = 1.0
c[163,0,19,25] = 1.0
c[164,0,16,25] = 1.0
c[164,1,19,25] = 2.0
c[164,1,21,23] = 1.0
c[165,1,18,27] = 1.0
c[166,0,23,26] = 1.0
c[166,1,21,28] = 1.0
c[167,0,19,25] = 1.0
c[168,1,19,25] = 1.0
c[168,1,21,23] = 1.0
c[169,0,11,18] = 1.0
c[169,0,21,23] = 2.0
c[169,1,17,22] = 1.0
c[170,0,25,30] = 1.0
c[170,1,21,23] = 1.0
c[171,0,18,27] = 1.0
c[171,0,19,25] = 2.0
c[172,0,18,27] = 1.0
c[172,1,19,21] = 1.0
c[173,0,18,27] = 1.0
c[173,0,21,23] = 1.0
c[174,0,15,28] = 1.0
c[174,0,23,28] = 1.0
c[175,0,8,29] = 1.0
c[175,0,17,29] = 1.0
c[176,0,15,28] = 1.0
c[176,1,21,23] = 2.0
c[177,0,11,28] = 1.0
c[177,0,16,25] = 1.0
c[180,0,19,25] = 1.0
c[181,0,19,25] = 1.0
c[181,1,15,18] = 1.0
c[182,0,20,24] = 1.0
c[183,0,11,28] = 1.0
c[183,1,21,23] = 1.0
c[184,0,14,24] = 2.0
c[185,0,20,24] = 1.0
c[186,0,11,18] = 1.0
c[186,1,20,24] = 1.0
c[187,0,21,26] = 1.0
c[188,0,17,22] = 1.0
c[189,0,21,23] = 1.0
c[190,0,11,18] = 1.0
c[190,0,20,24] = 1.0
c[191,0,9,13] = 1.0
c[191,0,12,21] = 1.0
c[191,0,16,25] = 1.0
c[192,0,10,24] = 1.0
c[192,0,16,25] = 2.0
c[194,0,14,24] = 1.0
c[195,0,20,24] = 1.0
c[196,0,5,10] = 1.0
c[196,0,10,14] = 1.0
c[197,0,4,22] = 1.0
c[197,0,10,14] = 1.0
c[197,0,14,20] = 1.0
c[198,0,7,21] = 1.0
c[198,0,14,20] = 1.0
c[200,0,8,19] = 1.0
c[202,0,2,12] = 1.0
c[202,0,5,10] = 1.0
c[204,0,9,13] = 2.0
c[205,0,8,16] = 2.0
c[206,0,8,16] = 1.0
c[207,0,1,23] = 1.0
c[207,0,2,12] = 1.0
c[207,0,4,9] = 1.0
c[208,0,4,9] = 2.0
c[209,0,5,10] = 2.0
c[210,0,5,10] = 1.0
c[210,0,10,20] = 1.0
c[211,0,3,16] = 1.0
c[211,0,8,19] = 1.0
c[212,0,1,15] = 1.0
c[212,0,8,16] = 1.0
c[212,1,2,12] = 1.0
c[213,0,1,15] = 2.0
c[213,0,4,9] = 1.0
c[213,1,4,9] = 1.0
c[214,0,2,12] = 1.0
c[214,0,9,13] = 1.0
c[215,0,2,12] = 1.0
c[216,0,5,10] = 1.0
c[216,0,8,19] = 1.0
c[217,0,15,18] = 1.0
c[218,0,8,16] = 1.0
c[218,0,8,19] = 1.0
c[218,0,11,18] = 1.0
c[219,0,5,10] = 1.0
c[219,0,7,21] = 1.0
c[220,0,4,22] = 1.0
c[220,0,7,21] = 2.0
c[221,0,2,12] = 1.0
c[221,0,4,22] = 2.0
c[223,0,11,18] = 1.0
c[224,0,2,12] = 1.0
c[224,0,8,12] = 1.0
c[224,0,10,14] = 1.0
c[225,0,11,18] = 1.0
c[225,0,14,17] = 1.0
c[226,0,2,12] = 1.0
c[227,0,4,9] = 1.0
c[229,0,4,9] = 1.0
c[230,0,4,9] = 1.0
c[230,1,5,10] = 1.0
c[233,0,2,12] = 1.0
c[233,1,1,6] = 1.0
c[234,0,1,11] = 2.0
c[234,1,0,5] = 1.0
c[234,1,1,6] = 2.0
c[235,0,1,11] = 1.0
c[235,0,2,12] = 1.0
c[235,1,2,7] = 2.0
c[236,0,2,12] = 1.0
c[236,1,2,12] = 2.0
c[237,0,1,6] = 1.0
c[237,0,2,12] = 2.0
c[238,0,3,8] = 2.0
c[239,0,4,9] = 1.0
c[240,0,3,8] = 2.0
c[240,1,2,12] = 1.0
c[241,0,3,8] = 1.0
c[242,1,4,9] = 2.0
c[243,0,0,5] = 2.0
c[243,1,0,5] = 1.0
c[243,1,4,9] = 2.0
c[244,0,1,15] = 1.0
c[244,0,5,10] = 1.0
c[244,0,8,12] = 1.0
c[244,1,0,5] = 1.0
c[245,1,0,5] = 2.0
c[246,0,0,10] = 1.0
c[246,0,1,11] = 1.0
c[246,0,5,10] = 2.0
c[246,1,1,11] = 1.0
c[247,0,1,11] = 1.0
c[247,1,1,6] = 2.0
c[248,0,1,6] = 2.0
c[249,0,2,7] = 1.0
c[250,0,2,12] = 2.0
c[251,0,2,12] = 2.0
c[251,1,0,5] = 1.0
c[251,1,2,7] = 2.0
c[252,0,2,12] = 1.0
c[252,0,3,7] = 1.0
c[252,1,3,8] = 2.0
c[252,1,5,9] = 1.0
c[253,0,3,7] = 1.0
c[253,1,3,8] = 1.0
c[254,0,3,8] = 2.0
c[255,1,3,8] = 1.0
c[256,1,3,8] = 1.0
c[257,1,0,3] = 1.0
c[257,1,0,5] = 1.0
c[257,1,1,4] = 1.0
c[258,1,0,5] = 2.0
c[258,1,3,4] = 1.0
c[258,1,5,10] = 1.0
c[259,0,0,4] = 1.0
c[259,0,0,5] = 1.0
c[259,1,0,2] = 2.0
c[259,1,0,4] = 1.0
c[259,1,5,10] = 2.0
c[260,0,0,8] = 1.0
c[260,1,0,12] = 2.0
c[260,1,2,6] = 2.0
c[260,1,4,7] = 1.0
c[261,0,0,4] = 1.0
c[261,1,0,11] = 1.0
c[261,1,7,8] = 1.0
c[262,0,8,11] = 1.0
c[262,1,1,12] = 1.0
c[263,0,2,4] = 1.0
c[263,0,2,8] = 1.0
c[263,1,0,5] = 1.0
c[263,1,2,12] = 1.0
c[264,1,0,4] = 1.0
c[264,1,2,4] = 2.0
c[266,0,1,6] = 1.0
c[266,1,0,2] = 1.0
c[266,1,0,8] = 1.0
c[267,0,0,2] = 1.0
c[267,0,3,8] = 1.0
c[267,1,4,8] = 3.0
c[268,0,0,2] = 1.0
c[268,0,0,5] = 1.0
c[268,0,2,6] = 1.0
c[268,1,2,4] = 1.0
c[268,1,3,13] = 1.0
c[269,0,2,4] = 1.0
c[269,0,6,17] = 1.0
c[269,1,2,4] = 1.0
c[271,0,0,5] = 1.0
c[271,1,1,4] = 1.0
c[272,0,0,4] = 2.0
c[272,1,0,4] = 3.0
c[272,1,0,6] = 1.0
c[273,0,0,8] = 2.0
c[274,0,0,3] = 1.0
c[274,1,0,4] = 1.0
c[274,1,1,20] = 1.0
c[275,0,3,8] = 1.0
c[276,0,0,1] = 3.0
c[276,0,2,4] = 1.0
c[276,0,8,12] = 1.0
c[276,0,9,12] = 1.0
c[276,1,0,4] = 1.0
c[276,1,5,10] = 1.0
c[277,0,1,2] = 1.0
c[277,0,1,4] = 2.0
c[277,0,4,9] = 1.0
c[277,1,4,6] = 2.0
c[277,1,4,7] = 1.0
c[278,0,0,6] = 1.0
c[278,0,2,6] = 1.0
c[278,1,0,3] = 1.0
c[279,0,6,10] = 2.0
c[279,1,8,12] = 2.0
c[280,0,3,4] = 1.0
c[280,1,5,7] = 1.0
c[281,0,2,6] = 2.0
c[281,0,16,26] = 1.0
c[281,1,0,5] = 2.0
c[282,1,3,12] = 1.0
c[282,1,5,10] = 2.0
c[283,0,3,4] = 1.0
c[283,1,0,1] = 1.0
c[283,1,2,4] = 1.0
c[283,1,10,15] = 1.0
c[284,0,2,6] = 2.0
c[284,0,8,16] = 1.0
c[284,1,1,19] = 1.0
c[284,1,4,5] = 1.0
c[284,1,12,22] = 1.0
c[285,1,2,3] = 2.0
c[285,1,5,7] = 1.0
c[286,0,0,4] = 1.0
c[286,1,0,4] = 1.0
c[286,1,3,4] = 2.0
c[287,0,16,22] = 1.0
c[287,1,2,4] = 3.0
c[288,1,4,6] = 3.0
c[289,1,6,7] = 3.0
c[289,1,7,10] = 1.0
c[290,0,0,4] = 2.0
c[290,0,0,15] = 1.0
c[290,0,3,9] = 1.0
c[290,0,18,23] = 2.0
c[290,0,22,24] = 1.0
c[290,1,10,11] = 1.0
s[46,1,0] = 2.0
s[57,1,0] = 4.0
s[67,1,0] = 4.0
s[96,0,1] = 4.0
s[100,1,0] = 4.0
s[102,0,1] = 4.0
s[109,0,1] = 4.0
s[117,0,1] = 4.0
s[120,0,1] = 1.0
s[126,0,1] = 12.0
s[128,0,1] = 4.0
s[129,0,1] = 8.0
s[134,0,1] = 4.0
s[157,1,0] = 2.0
s[160,1,0] = 4.0
s[164,0,1] = 4.0
s[166,1,0] = 4.0
s[169,0,1] = 4.0
s[174,0,1] = 4.0
s[176,1,0] = 3.0
s[177,1,0] = 4.0
s[195,0,1] = 4.0
s[200,0,1] = 4.0
s[212,0,1] = 2.0
s[215,0,1] = 4.0
s[218,0,1] = 4.0
s[222,0,1] = 4.0
s[227,0,1] = 4.0
s[231,0,1] = 12.0
s[232,0,1] = 4.0
s[242,0,1] = 4.0
s[249,0,1] = 4.0
