results
n[0,0,25] = 1.0
n[0,1,13] = 1.0
n[0,1,16] = 1.0
n[0,1,22] = 1.0
n[1,0,25] = 1.0
n[1,1,22] = 1.0
n[2,1,14] = 1.0
n[3,0,3] = 1.0
n[3,0,12] = 1.0
n[4,1,24] = 1.0
n[5,1,24] = 1.0
n[6,0,6] = 1.0
n[6,0,11] = 1.0
n[6,1,8] = 1.0
n[7,0,6] = 1.0
n[8,0,6] = 1.0
n[14,1,11] = 1.0
n[15,1,11] = 1.0
n[17,0,18] = 1.0
n[19,1,13] = 1.0
n[20,0,28] = 1.0
n[33,1,16] = 1.0
n[36,0,27] = 1.0
n[38,0,27] = 1.0
n[40,1,26] = 1.0
n[40,1,27] = 1.0
n[41,1,23] = 1.0
n[41,1,27] = 2.0
n[42,1,27] = 2.0
n[44,1,26] = 1.0
n[50,1,30] = 1.0
n[53,0,27] = 1.0
n[54,0,27] = 1.0
n[55,1,31] = 1.0
n[58,0,27] = 1.0
n[65,0,20] = 1.0
n[84,1,10] = 1.0
n[93,1,13] = 1.0
n[150,0,6] = 1.0
n[153,1,4] = 1.0
n[156,1,6] = 1.0
n[161,0,8] = 1.0
n[167,1,15] = 1.0
n[168,1,3] = 1.0
n[176,0,4] = 1.0
n[178,0,5] = 1.0
n[183,0,6] = 1.0
n[185,1,15] = 1.0
n[193,0,6] = 1.0
n[194,1,13] = 1.0
n[220,0,18] = 1.0
n[240,1,4] = 1.0
n[244,0,2] = 1.0
n[245,0,2] = 1.0
n[246,0,2] = 1.0
n[260,1,8] = 1.0
n[263,0,5] = 1.0
n[273,0,16] = 1.0
n[274,0,12] = 1.0
n[274,0,16] = 1.0
n[277,0,19] = 1.0
n[278,0,19] = 1.0
n[280,0,4] = 1.0
n[285,0,1] = 1.0
n[286,1,9] = 1.0
n[289,1,16] = 1.0
n[290,0,25] = 1.0
n[290,1,13] = 1.0
n[290,1,16] = 1.0
n[290,1,22] = 1.0
u[1,1,0,7] = 1.0
u[1,1,0,16] = 1.0
u[2,0,1,25] = 1.0
u[3,1,0,14] = 1.0
u[4,0,1,12] = 1.0
u[4,1,0,21] = 1.0
u[6,0,1,17] = 1.0
u[6,1,0,24] = 1.0
u[8,0,1,12] = 1.0
u[9,0,1,6] = 1.0
u[10,1,0,8] = 1.0
u[10,1,0,19] = 1.0
u[14,0,1,27] = 1.0
u[15,1,0,22] = 1.0
u[17,0,1,17] = 1.0
u[17,1,0,14] = 1.0
u[18,0,1,18] = 1.0
u[19,0,1,10] = 1.0
u[21,0,1,28] = 1.0
u[22,1,0,18] = 1.0
u[25,0,1,15] = 1.0
u[25,1,0,14] = 1.0
u[27,1,0,11] = 1.0
u[28,0,1,11] = 1.0
u[28,1,0,31] = 1.0
u[30,0,1,11] = 1.0
u[34,1,0,31] = 1.0
u[36,1,0,31] = 1.0
u[38,0,1,31] = 1.0
u[39,0,1,27] = 1.0
u[42,0,1,30] = 1.0
u[45,1,0,26] = 1.0
u[46,1,0,29] = 1.0
u[48,0,1,25] = 1.0
u[50,0,1,26] = 1.0
u[51,1,0,31] = 1.0
u[52,1,0,24] = 1.0
u[55,0,1,27] = 1.0
u[55,1,0,26] = 1.0
u[56,1,0,31] = 1.0
u[57,0,1,22] = 1.0
u[57,1,0,23] = 1.0
u[59,1,0,18] = 1.0
u[61,0,1,28] = 1.0
u[62,0,1,15] = 1.0
u[62,1,0,32] = 1.0
u[63,0,1,26] = 1.0
u[63,1,0,24] = 1.0
u[64,0,1,28] = 1.0
u[64,0,1,30] = 1.0
u[65,1,0,22] = 1.0
u[66,0,1,20] = 1.0
u[66,1,0,24] = 1.0
u[66,1,0,26] = 1.0
u[67,0,1,18] = 1.0
u[68,0,1,20] = 1.0
u[68,0,1,22] = 1.0
u[68,1,0,16] = 1.0
u[69,1,0,14] = 1.0
u[70,0,1,12] = 1.0
u[71,0,1,10] = 1.0
u[71,1,0,19] = 1.0
u[72,1,0,27] = 1.0
u[73,1,0,6] = 1.0
u[74,0,1,16] = 1.0
u[74,0,1,23] = 1.0
u[74,1,0,13] = 1.0
u[75,1,0,25] = 1.0
u[77,0,1,13] = 1.0
u[77,0,1,21] = 1.0
u[77,1,0,13] = 1.0
u[79,0,1,9] = 1.0
u[79,1,0,25] = 1.0
u[80,0,1,21] = 1.0
u[80,1,0,18] = 1.0
u[81,0,1,21] = 1.0
u[81,1,0,14] = 1.0
u[82,0,1,14] = 1.0
u[82,1,0,17] = 1.0
u[83,0,1,10] = 1.0
u[84,0,1,13] = 1.0
u[84,1,0,15] = 1.0
u[84,1,0,19] = 1.0
u[85,1,0,6] = 1.0
u[86,0,1,15] = 1.0
u[86,1,0,9] = 1.0
u[87,0,1,14] = 1.0
u[87,1,0,16] = 1.0
u[88,1,0,11] = 1.0
u[89,0,1,12] = 1.0
u[89,1,0,10] = 1.0
u[90,0,1,14] = 2.0
u[91,0,1,6] = 1.0
u[91,0,1,11] = 1.0
u[91,1,0,8] = 1.0
u[92,1,0,10] = 1.0
u[93,0,1,4] = 1.0
u[93,1,0,7] = 1.0
u[94,0,1,6] = 1.0
u[95,1,0,12] = 1.0
u[96,0,1,8] = 1.0
u[96,1,0,19] = 1.0
u[97,0,1,8] = 1.0
u[98,1,0,4] = 1.0
u[98,1,0,14] = 1.0
u[99,0,1,17] = 1.0
u[99,1,0,15] = 1.0
u[100,0,1,10] = 1.0
u[100,1,0,9] = 1.0
u[101,0,1,5] = 1.0
u[101,0,1,11] = 1.0
u[101,1,0,13] = 1.0
u[102,1,0,6] = 1.0
u[103,0,1,9] = 1.0
u[103,1,0,7] = 1.0
u[104,0,1,11] = 1.0
u[105,1,0,11] = 1.0
u[106,0,1,12] = 1.0
u[106,1,0,7] = 1.0
u[107,0,1,7] = 1.0
u[108,0,1,16] = 1.0
u[108,1,0,8] = 1.0
u[109,1,0,20] = 1.0
u[110,1,0,12] = 1.0
u[111,0,1,15] = 1.0
u[111,0,1,16] = 1.0
u[111,1,0,11] = 1.0
u[112,0,1,8] = 1.0
u[113,0,1,7] = 1.0
u[113,1,0,11] = 1.0
u[114,1,0,4] = 1.0
u[115,0,1,7] = 1.0
u[115,1,0,18] = 1.0
u[116,1,0,8] = 1.0
u[117,0,1,14] = 1.0
u[117,0,1,23] = 1.0
u[118,0,1,4] = 1.0
u[118,1,0,8] = 1.0
u[119,0,1,12] = 1.0
u[119,1,0,19] = 1.0
u[120,0,1,4] = 1.0
u[120,1,0,12] = 1.0
u[121,0,1,15] = 1.0
u[121,1,0,8] = 1.0
u[123,0,1,4] = 1.0
u[123,1,0,11] = 1.0
u[124,1,0,9] = 1.0
u[125,0,1,19] = 1.0
u[125,1,0,17] = 1.0
u[126,0,1,5] = 1.0
u[126,0,1,10] = 1.0
u[127,0,1,13] = 1.0
u[127,1,0,15] = 1.0
u[128,1,0,12] = 1.0
u[129,0,1,11] = 1.0
u[129,1,0,9] = 1.0
u[130,0,1,8] = 1.0
u[130,1,0,11] = 1.0
u[131,0,1,5] = 1.0
u[131,1,0,7] = 1.0
u[132,0,1,7] = 1.0
u[132,1,0,4] = 1.0
u[133,1,0,21] = 1.0
u[134,0,1,8] = 1.0
u[134,1,0,4] = 1.0
u[135,0,1,17] = 1.0
u[135,1,0,8] = 1.0
u[136,0,1,10] = 1.0
u[136,1,0,4] = 1.0
u[137,0,1,4] = 1.0
u[137,1,0,13] = 1.0
u[138,1,0,6] = 1.0
u[139,0,1,9] = 1.0
u[140,0,1,16] = 1.0
u[140,1,0,5] = 1.0
u[141,0,1,9] = 1.0
u[141,1,0,5] = 1.0
u[142,0,1,11] = 1.0
u[142,1,0,12] = 1.0
u[144,0,1,8] = 1.0
u[144,1,0,7] = 2.0
u[145,0,1,10] = 1.0
u[146,0,1,12] = 1.0
u[146,1,0,4] = 1.0
u[148,0,1,10] = 1.0
u[148,1,0,8] = 1.0
u[149,0,1,16] = 1.0
u[149,1,0,11] = 1.0
u[151,0,1,8] = 1.0
u[151,1,0,12] = 1.0
u[152,0,1,11] = 1.0
u[152,1,0,14] = 1.0
u[153,0,1,8] = 1.0
u[154,0,1,10] = 1.0
u[154,1,0,4] = 1.0
u[156,1,0,5] = 1.0
u[156,1,0,11] = 1.0
u[157,0,1,20] = 1.0
u[157,1,0,6] = 1.0
u[158,0,1,7] = 1.0
u[159,1,0,16] = 1.0
u[160,0,1,17] = 1.0
u[161,1,0,8] = 1.0
u[162,0,1,8] = 1.0
u[162,0,1,15] = 1.0
u[163,0,1,4] = 1.0
u[163,1,0,14] = 1.0
u[164,0,1,17] = 1.0
u[164,1,0,11] = 1.0
u[166,0,1,7] = 1.0
u[166,1,0,4] = 1.0
u[166,1,0,13] = 1.0
u[167,0,1,17] = 1.0
u[168,1,0,15] = 1.0
u[169,0,1,4] = 1.0
u[169,1,0,13] = 1.0
u[172,0,1,12] = 1.0
u[172,1,0,14] = 1.0
u[174,0,1,22] = 1.0
u[174,1,0,8] = 1.0
u[175,0,1,24] = 1.0
u[175,1,0,12] = 1.0
u[176,0,1,16] = 1.0
u[177,0,1,8] = 1.0
u[177,1,0,20] = 1.0
u[178,1,0,21] = 1.0
u[179,0,1,16] = 1.0
u[181,0,1,13] = 1.0
u[181,1,0,10] = 1.0
u[181,1,0,12] = 1.0
u[182,0,1,20] = 1.0
u[183,0,1,8] = 1.0
u[183,1,0,23] = 1.0
u[184,0,1,6] = 1.0
u[184,1,0,16] = 1.0
u[186,0,1,20] = 1.0
u[186,1,0,15] = 1.0
u[187,1,0,4] = 1.0
u[187,1,0,10] = 1.0
u[188,0,1,11] = 1.0
u[188,1,0,16] = 1.0
u[189,0,1,20] = 1.0
u[190,0,1,12] = 1.0
u[190,1,0,7] = 1.0
u[191,0,1,14] = 1.0
u[192,1,0,8] = 1.0
u[193,0,1,14] = 1.0
u[193,1,0,20] = 1.0
u[195,0,1,16] = 1.0
u[195,1,0,10] = 1.0
u[196,0,1,10] = 1.0
u[196,1,0,16] = 1.0
u[197,0,1,6] = 1.0
u[197,1,0,12] = 1.0
u[198,0,1,12] = 1.0
u[198,1,0,6] = 1.0
u[200,0,1,24] = 1.0
u[200,1,0,8] = 1.0
u[201,0,1,15] = 1.0
u[201,1,0,12] = 1.0
u[202,1,0,20] = 1.0
u[203,0,1,8] = 1.0
u[203,1,0,11] = 1.0
u[204,0,1,16] = 1.0
u[205,0,1,20] = 1.0
u[205,1,0,4] = 1.0
u[206,0,1,11] = 1.0
u[206,1,0,12] = 1.0
u[207,0,1,21] = 1.0
u[207,1,0,16] = 1.0
u[208,1,0,7] = 1.0
u[209,0,1,12] = 1.0
u[209,1,0,17] = 1.0
u[210,0,1,16] = 1.0
u[211,0,1,13] = 1.0
u[211,1,0,8] = 1.0
u[212,1,0,12] = 1.0
u[213,0,1,16] = 1.0
u[213,1,0,9] = 1.0
u[214,0,1,8] = 1.0
u[215,1,0,12] = 1.0
u[216,0,1,26] = 1.0
u[216,1,0,4] = 1.0
u[217,0,1,14] = 1.0
u[218,0,1,22] = 1.0
u[218,1,0,22] = 1.0
u[219,0,1,16] = 1.0
u[220,0,1,10] = 1.0
u[220,1,0,18] = 1.0
u[221,0,1,18] = 1.0
u[221,1,0,12] = 1.0
u[221,1,0,17] = 1.0
u[222,0,1,14] = 1.0
u[222,1,0,6] = 1.0
u[223,0,1,8] = 1.0
u[223,0,1,13] = 1.0
u[223,1,0,14] = 1.0
u[225,0,1,10] = 1.0
u[225,1,0,9] = 1.0
u[225,1,0,14] = 1.0
u[226,0,1,12] = 1.0
u[226,1,0,7] = 1.0
u[227,0,1,10] = 1.0
u[227,1,0,6] = 1.0
u[228,0,1,10] = 1.0
u[228,1,0,8] = 1.0
u[229,0,1,8] = 1.0
u[229,1,0,6] = 1.0
u[230,0,1,4] = 1.0
u[230,0,1,7] = 1.0
u[230,1,0,6] = 1.0
u[231,1,0,4] = 1.0
u[232,0,1,7] = 1.0
u[233,1,0,8] = 1.0
u[234,0,1,5] = 1.0
u[234,0,1,12] = 1.0
u[234,1,0,10] = 1.0
u[235,0,1,4] = 1.0
u[235,1,0,8] = 1.0
u[236,1,0,8] = 1.0
u[237,0,1,4] = 1.0
u[237,0,1,9] = 1.0
u[237,1,0,6] = 1.0
u[238,0,1,4] = 1.0
u[239,1,0,5] = 1.0
u[240,0,1,7] = 1.0
u[240,1,0,13] = 1.0
u[241,1,0,5] = 1.0
u[242,0,1,9] = 1.0
u[242,1,0,6] = 1.0
u[244,0,1,11] = 1.0
u[244,1,0,5] = 1.0
u[244,1,0,12] = 1.0
u[245,0,1,6] = 1.0
u[246,1,0,7] = 1.0
u[247,0,1,5] = 1.0
u[248,0,1,16] = 1.0
u[249,0,1,8] = 1.0
u[249,1,0,10] = 1.0
u[250,0,1,12] = 1.0
u[250,1,0,12] = 1.0
u[251,1,0,4] = 1.0
u[252,0,1,10] = 1.0
u[253,0,1,12] = 1.0
u[253,1,0,15] = 1.0
u[254,0,1,5] = 1.0
u[254,1,0,6] = 1.0
u[255,0,1,11] = 1.0
u[255,1,0,19] = 1.0
u[256,1,0,12] = 1.0
u[257,0,1,15] = 1.0
u[257,1,0,5] = 1.0
u[258,0,1,8] = 1.0
u[258,0,1,12] = 1.0
u[258,1,0,8] = 1.0
u[259,1,0,11] = 1.0
u[260,1,0,4] = 1.0
u[261,0,1,11] = 1.0
u[261,1,0,8] = 1.0
u[262,0,1,10] = 1.0
u[263,0,1,13] = 1.0
u[263,1,0,7] = 1.0
u[264,0,1,6] = 1.0
u[265,1,0,9] = 1.0
u[266,0,1,8] = 1.0
u[266,0,1,13] = 1.0
u[267,1,0,17] = 1.0
u[268,1,0,9] = 1.0
u[268,1,0,11] = 1.0
u[269,0,1,12] = 1.0
u[269,0,1,13] = 1.0
u[270,0,1,7] = 1.0
u[270,1,0,9] = 1.0
u[271,1,0,8] = 1.0
u[272,1,0,11] = 1.0
u[273,0,1,4] = 1.0
u[273,1,0,8] = 1.0
u[275,0,1,12] = 1.0
u[276,0,1,12] = 1.0
u[277,0,1,12] = 1.0
u[278,1,0,8] = 1.0
u[278,1,0,11] = 1.0
u[279,0,1,19] = 1.0
u[279,1,0,13] = 1.0
u[281,0,1,9] = 1.0
u[281,1,0,14] = 1.0
u[282,1,0,17] = 1.0
u[283,1,0,5] = 1.0
u[284,0,1,13] = 1.0
u[286,0,1,18] = 1.0
u[288,0,1,10] = 1.0
u[288,0,1,26] = 1.0
c[0,1,6,7] = 1.0
c[1,1,13,14] = 1.0
c[2,1,22,23] = 1.0
c[3,1,23,24] = 1.0
c[4,0,3,4] = 1.0
c[5,0,4,6] = 1.0
c[5,0,10,11] = 1.0
c[7,0,11,12] = 1.0
c[7,1,8,15] = 1.0
c[8,0,20,23] = 1.0
c[8,1,13,19] = 1.0
c[9,1,15,16] = 1.0
c[10,0,23,24] = 1.0
c[10,1,16,17] = 1.0
c[11,0,24,27] = 1.0
c[11,1,2,8] = 1.0
c[11,1,17,18] = 1.0
c[12,0,4,6] = 1.0
c[12,0,15,18] = 1.0
c[12,1,18,21] = 1.0
c[13,0,6,15] = 1.0
c[13,0,18,25] = 1.0
c[13,1,8,11] = 1.0
c[14,1,21,22] = 1.0
c[16,0,15,17] = 1.0
c[16,1,11,14] = 1.0
c[16,1,23,27] = 1.0
c[17,0,25,28] = 1.0
c[19,1,27,30] = 1.0
c[20,1,13,18] = 1.0
c[20,1,14,22] = 1.0
c[21,1,6,8] = 1.0
c[22,1,8,9] = 1.0
c[23,1,9,11] = 1.0
c[23,1,22,26] = 1.0
c[23,1,24,29] = 1.0
c[24,0,14,15] = 1.0
c[24,1,11,14] = 1.0
c[24,1,30,31] = 1.0
c[26,1,26,27] = 1.0
c[27,0,10,11] = 1.0
c[27,1,27,28] = 1.0
c[28,1,29,30] = 1.0
c[29,0,7,11] = 1.0
c[29,1,28,31] = 1.0
c[30,0,27,31] = 1.0
c[30,1,7,16] = 1.0
c[30,1,30,31] = 1.0
c[32,1,7,8] = 1.0
c[33,1,8,19] = 1.0
c[34,1,16,24] = 1.0
c[36,1,19,27] = 1.0
c[37,0,27,30] = 1.0
c[38,1,24,25] = 1.0
c[39,1,25,26] = 1.0
c[41,1,26,31] = 1.0
c[42,1,23,28] = 1.0
c[43,1,27,29] = 1.0
c[43,1,27,31] = 1.0
c[46,1,28,30] = 1.0
c[47,0,22,26] = 1.0
c[50,1,21,24] = 1.0
c[50,1,31,32] = 1.0
c[51,1,30,31] = 1.0
c[52,1,22,26] = 1.0
c[54,0,20,28] = 1.0
c[59,0,19,23] = 1.0
c[59,0,27,28] = 1.0
c[60,0,28,30] = 1.0
c[61,0,14,15] = 1.0
c[61,0,23,26] = 1.0
c[64,1,11,21] = 1.0
c[68,1,21,27] = 1.0
c[70,1,16,21] = 1.0
c[70,1,18,19] = 1.0
c[72,1,8,13] = 1.0
c[72,1,21,22] = 1.0
c[73,0,15,16] = 1.0
c[73,1,22,25] = 1.0
c[75,0,2,12] = 1.0
c[76,0,9,13] = 1.0
c[76,1,12,13] = 1.0
c[76,1,19,25] = 1.0
c[77,0,12,21] = 1.0
c[79,1,9,12] = 1.0
c[79,1,17,18] = 1.0
c[80,1,12,14] = 1.0
c[81,1,5,10] = 1.0
c[82,1,10,14] = 1.0
c[83,1,14,15] = 1.0
c[83,1,17,19] = 1.0
c[85,1,10,16] = 1.0
c[86,0,11,14] = 1.0
c[87,0,2,6] = 1.0
c[88,0,5,14] = 1.0
c[88,0,6,14] = 1.0
c[90,0,7,11] = 1.0
c[92,1,10,13] = 1.0
c[93,1,2,12] = 1.0
c[94,1,13,19] = 1.0
c[95,0,3,8] = 1.0
c[95,1,0,14] = 1.0
c[96,1,2,15] = 1.0
c[98,0,15,17] = 1.0
c[99,1,4,9] = 1.0
c[100,0,0,5] = 1.0
c[102,0,5,11] = 1.0
c[103,1,1,11] = 1.0
c[104,0,2,12] = 1.0
c[105,0,3,16] = 1.0
c[105,1,5,20] = 1.0
c[108,0,3,8] = 1.0
c[109,0,8,15] = 1.0
c[109,1,3,7] = 1.0
c[110,0,4,10] = 1.0
c[110,1,7,11] = 1.0
c[112,0,10,23] = 1.0
c[113,1,12,18] = 1.0
c[115,1,3,8] = 1.0
c[116,0,0,12] = 1.0
c[117,1,3,8] = 1.0
c[119,1,10,12] = 1.0
c[120,1,0,2] = 1.0
c[121,1,2,17] = 1.0
c[122,0,8,19] = 1.0
c[122,1,0,9] = 1.0
c[125,0,7,10] = 1.0
c[125,1,0,8] = 1.0
c[127,1,8,12] = 1.0
c[128,1,1,11] = 1.0
c[128,1,6,20] = 1.0
c[132,1,20,21] = 1.0
c[133,0,3,8] = 1.0
c[133,1,1,4] = 1.0
c[134,0,0,10] = 1.0
c[134,1,3,8] = 1.0
c[136,0,0,4] = 1.0
c[137,0,4,13] = 1.0
c[138,0,0,1] = 1.0
c[139,0,1,9] = 1.0
c[139,0,13,16] = 1.0
c[139,1,0,5] = 1.0
c[140,0,2,11] = 1.0
c[142,0,1,7] = 1.0
c[143,0,1,10] = 1.0
c[143,1,5,7] = 1.0
c[144,0,7,12] = 1.0
c[146,0,3,5] = 1.0
c[146,0,3,16] = 1.0
c[147,0,5,10] = 1.0
c[147,1,6,9] = 1.0
c[148,0,0,6] = 1.0
c[148,1,9,11] = 1.0
c[150,0,4,8] = 1.0
c[150,1,6,14] = 1.0
c[151,0,6,12] = 1.0
c[151,0,7,11] = 1.0
c[153,0,12,13] = 1.0
c[154,0,13,20] = 1.0
c[154,1,7,9] = 1.0
c[155,1,4,5] = 1.0
c[155,1,9,11] = 1.0
c[156,0,0,17] = 1.0
c[158,0,1,7] = 1.0
c[159,0,2,15] = 1.0
c[160,0,7,8] = 1.0
c[160,1,3,8] = 1.0
c[161,0,12,16] = 1.0
c[162,1,13,14] = 1.0
c[163,0,16,17] = 1.0
c[164,1,4,7] = 1.0
c[165,0,10,17] = 1.0
c[165,1,0,4] = 1.0
c[165,1,7,15] = 1.0
c[168,0,0,4] = 1.0
c[168,0,9,10] = 1.0
c[169,0,10,12] = 1.0
c[169,1,3,11] = 1.0
c[170,0,11,22] = 1.0
c[170,0,12,24] = 1.0
c[171,0,9,12] = 1.0
c[171,1,0,1] = 1.0
c[171,1,11,14] = 1.0
c[172,1,1,12] = 1.0
c[174,0,10,14] = 1.0
c[175,0,14,16] = 1.0
c[176,1,18,21] = 1.0
c[177,0,4,5] = 1.0
c[178,1,12,20] = 1.0
c[179,0,5,13] = 1.0
c[179,1,4,7] = 1.0
c[180,0,17,20] = 1.0
c[180,1,7,10] = 1.0
c[181,1,20,23] = 1.0
c[183,1,9,15] = 1.0
c[185,0,19,20] = 1.0
c[185,1,4,10] = 1.0
c[186,0,12,14] = 1.0
c[186,1,2,4] = 1.0
c[187,0,14,20] = 1.0
c[189,0,0,4] = 1.0
c[189,0,6,14] = 1.0
c[190,0,4,9] = 1.0
c[191,0,9,14] = 1.0
c[191,1,16,20] = 1.0
c[192,0,3,6] = 1.0
c[193,1,10,13] = 1.0
c[194,0,4,6] = 1.0
c[194,0,6,24] = 1.0
c[195,0,6,10] = 1.0
c[195,1,13,16] = 1.0
c[199,0,8,12] = 1.0
c[199,1,2,12] = 1.0
c[200,0,2,18] = 1.0
c[200,0,12,15] = 1.0
c[202,0,4,16] = 1.0
c[204,0,18,20] = 1.0
c[205,0,7,11] = 1.0
c[205,0,16,21] = 1.0
c[207,0,0,3] = 1.0
c[208,0,3,26] = 1.0
c[208,0,8,16] = 1.0
c[210,0,3,8] = 1.0
c[211,0,8,16] = 1.0
c[213,0,4,22] = 1.0
c[215,0,5,14] = 1.0
c[217,0,8,16] = 1.0
c[218,0,0,5] = 1.0
c[219,0,5,10] = 1.0
c[219,1,10,17] = 1.0
c[224,0,2,12] = 1.0
c[224,1,10,14] = 1.0
c[225,1,4,7] = 1.0
c[227,0,5,10] = 1.0
c[228,0,3,8] = 1.0
c[229,0,2,7] = 1.0
c[231,0,2,7] = 1.0
c[232,0,2,12] = 1.0
c[232,1,0,10] = 1.0
c[232,1,3,8] = 1.0
c[233,0,0,5] = 1.0
c[234,1,3,8] = 1.0
c[236,0,6,9] = 1.0
c[236,1,1,6] = 1.0
c[237,1,0,13] = 1.0
c[239,0,2,7] = 1.0
c[239,1,0,4] = 1.0
c[240,1,0,5] = 1.0
c[241,0,1,5] = 1.0
c[241,1,4,6] = 1.0
c[242,0,5,8] = 1.0
c[242,1,3,12] = 1.0
c[243,0,1,2] = 1.0
c[243,0,8,11] = 1.0
c[244,0,2,6] = 1.0
c[246,0,1,5] = 1.0
c[246,0,8,16] = 1.0
c[247,0,2,7] = 1.0
c[247,1,2,10] = 1.0
c[248,0,3,8] = 1.0
c[248,0,7,12] = 1.0
c[249,1,1,10] = 1.0
c[251,0,6,10] = 1.0
c[251,1,10,15] = 1.0
c[252,0,8,12] = 1.0
c[252,1,8,19] = 1.0
c[253,0,0,5] = 1.0
c[255,1,8,12] = 1.0
c[256,0,2,12] = 1.0
c[256,1,1,5] = 1.0
c[257,1,7,8] = 1.0
c[259,0,1,11] = 1.0
c[260,0,4,10] = 1.0
c[261,0,7,13] = 1.0
c[262,0,0,5] = 1.0
c[263,0,4,6] = 1.0
c[264,0,5,13] = 1.0
c[264,1,6,10] = 1.0
c[265,0,3,8] = 1.0
c[265,1,10,17] = 1.0
c[266,1,2,11] = 1.0
c[267,0,5,12] = 1.0
c[268,1,4,5] = 1.0
c[269,1,5,9] = 1.0
c[270,0,5,14] = 1.0
c[271,1,9,11] = 1.0
c[272,0,5,12] = 1.0
c[272,0,14,16] = 1.0
c[272,1,3,8] = 1.0
c[274,0,7,12] = 1.0
c[275,0,4,12] = 1.0
c[275,0,16,19] = 1.0
c[275,1,0,5] = 1.0
c[276,1,5,11] = 1.0
c[277,1,8,13] = 1.0
c[279,1,8,14] = 1.0
c[280,0,7,10] = 1.0
c[281,0,4,12] = 1.0
c[281,0,10,23] = 1.0
c[281,1,15,17] = 1.0
c[283,0,10,14] = 1.0
c[283,0,12,13] = 1.0
c[284,0,13,14] = 1.0
c[284,0,14,16] = 1.0
c[285,0,14,25] = 1.0
c[285,0,16,18] = 1.0
c[286,0,1,6] = 1.0
c[286,0,23,26] = 1.0
c[287,0,6,10] = 1.0
c[287,1,9,11] = 1.0
c[288,1,11,12] = 1.0
c[288,1,14,16] = 1.0
c[289,1,12,13] = 1.0
c[290,1,6,7] = 1.0
