results
n[0,1,4] = 2.0
n[0,1,10] = 1.0
n[1,0,4] = 2.0
n[1,1,10] = 1.0
n[2,1,10] = 1.0
n[3,1,10] = 1.0
n[6,0,6] = 1.0
n[8,1,1] = 1.0
n[9,0,3] = 1.0
n[9,1,1] = 1.0
n[10,0,3] = 1.0
n[11,0,3] = 1.0
n[11,1,2] = 1.0
n[11,1,5] = 1.0
n[12,1,1] = 1.0
n[13,1,1] = 1.0
n[13,1,3] = 1.0
n[14,0,6] = 1.0
n[14,1,1] = 1.0
n[15,1,4] = 1.0
n[16,1,2] = 1.0
n[17,0,8] = 1.0
n[18,1,4] = 2.0
n[19,0,1] = 1.0
n[19,1,4] = 2.0
n[20,1,4] = 3.0
n[20,1,21] = 1.0
n[21,1,4] = 3.0
n[21,1,21] = 1.0
n[22,0,8] = 1.0
n[22,1,4] = 3.0
n[22,1,21] = 1.0
n[23,1,21] = 1.0
n[24,1,6] = 3.0
n[24,1,21] = 1.0
n[25,1,6] = 2.0
n[25,1,21] = 1.0
n[26,1,21] = 1.0
n[27,0,16] = 1.0
n[27,1,7] = 2.0
n[27,1,21] = 1.0
n[29,1,18] = 1.0
n[30,1,13] = 1.0
n[35,1,25] = 1.0
n[38,1,26] = 1.0
n[40,1,31] = 1.0
n[45,0,28] = 1.0
n[48,0,29] = 1.0
n[61,1,32] = 1.0
n[78,1,11] = 1.0
n[86,0,27] = 1.0
n[96,0,6] = 1.0
n[96,1,17] = 1.0
n[101,1,10] = 1.0
n[102,0,13] = 1.0
n[157,1,6] = 1.0
n[167,1,7] = 1.0
n[176,0,12] = 1.0
n[177,1,2] = 1.0
n[178,0,0] = 1.0
n[180,0,1] = 1.0
n[181,0,1] = 1.0
n[182,0,1] = 1.0
n[185,0,0] = 1.0
n[186,0,0] = 1.0
n[187,0,0] = 1.0
n[192,0,2] = 1.0
n[193,0,2] = 1.0
n[209,0,19] = 1.0
n[212,1,15] = 1.0
n[213,0,8] = 1.0
n[214,0,7] = 1.0
n[215,1,16] = 1.0
n[216,1,16] = 1.0
n[221,1,11] = 1.0
n[230,0,13] = 2.0
n[237,0,8] = 1.0
n[238,0,8] = 1.0
n[243,0,0] = 1.0
n[244,0,0] = 1.0
n[245,1,21] = 1.0
n[270,1,0] = 1.0
n[272,0,15] = 1.0
n[272,1,1] = 1.0
n[273,1,0] = 1.0
n[273,1,1] = 1.0
n[274,1,0] = 1.0
n[275,1,0] = 1.0
n[276,1,0] = 1.0
n[276,1,13] = 1.0
n[277,1,0] = 1.0
n[277,1,15] = 1.0
n[278,1,0] = 1.0
n[279,1,0] = 1.0
n[280,1,0] = 1.0
n[283,1,7] = 1.0
n[290,1,4] = 2.0
n[290,1,10] = 1.0
u[1,1,0,4] = 1.0
u[3,0,1,5] = 2.0
u[3,1,0,8] = 1.0
u[4,0,1,4] = 1.0
u[4,1,0,10] = 1.0
u[5,0,1,4] = 1.0
u[7,1,0,7] = 1.0
u[8,0,1,8] = 1.0
u[8,1,0,9] = 1.0
u[10,0,1,5] = 1.0
u[10,1,0,13] = 1.0
u[13,0,1,10] = 1.0
u[15,0,1,6] = 1.0
u[15,1,0,12] = 1.0
u[17,1,0,5] = 1.0
u[18,0,1,8] = 1.0
u[41,1,0,31] = 1.0
u[47,1,0,31] = 1.0
u[49,0,1,27] = 1.0
u[51,0,1,30] = 1.0
u[51,1,0,23] = 1.0
u[53,0,1,19] = 1.0
u[54,1,0,27] = 1.0
u[56,0,1,32] = 1.0
u[57,1,0,32] = 1.0
u[59,1,0,23] = 1.0
u[62,1,0,32] = 1.0
u[64,0,1,30] = 1.0
u[65,1,0,31] = 1.0
u[66,0,1,27] = 1.0
u[66,0,1,29] = 1.0
u[66,0,1,31] = 1.0
u[66,1,0,26] = 1.0
u[67,0,1,27] = 1.0
u[68,1,0,23] = 1.0
u[68,1,0,27] = 1.0
u[69,0,1,23] = 1.0
u[69,1,0,23] = 1.0
u[70,0,1,19] = 1.0
u[72,0,1,25] = 1.0
u[72,1,0,20] = 1.0
u[73,1,0,29] = 1.0
u[74,1,0,19] = 1.0
u[75,0,1,25] = 1.0
u[76,0,1,15] = 1.0
u[76,0,1,21] = 1.0
u[76,0,1,27] = 1.0
u[76,1,0,24] = 1.0
u[77,1,0,21] = 1.0
u[79,0,1,17] = 1.0
u[79,1,0,11] = 1.0
u[79,1,0,24] = 1.0
u[80,0,1,24] = 1.0
u[81,1,0,13] = 1.0
u[83,0,1,9] = 1.0
u[83,1,0,25] = 1.0
u[85,0,1,21] = 1.0
u[86,1,0,26] = 1.0
u[87,0,1,27] = 1.0
u[87,1,0,17] = 1.0
u[88,0,1,22] = 1.0
u[89,0,1,13] = 1.0
u[89,1,0,23] = 1.0
u[90,1,0,18] = 1.0
u[91,1,0,9] = 1.0
u[92,0,1,14] = 1.0
u[92,0,1,20] = 1.0
u[92,1,0,25] = 1.0
u[94,0,1,21] = 1.0
u[94,1,0,10] = 1.0
u[96,1,0,21] = 1.0
u[97,0,1,18] = 1.0
u[98,0,1,31] = 1.0
u[98,1,0,18] = 1.0
u[99,0,1,14] = 1.0
u[99,0,1,19] = 1.0
u[100,1,0,17] = 1.0
u[100,1,0,27] = 1.0
u[101,0,1,16] = 1.0
u[102,0,1,23] = 1.0
u[102,1,0,10] = 1.0
u[103,0,1,13] = 1.0
u[104,0,1,6] = 1.0
u[104,1,0,19] = 1.0
u[105,1,0,9] = 1.0
u[106,1,0,25] = 1.0
u[107,0,1,18] = 1.0
u[108,1,0,8] = 1.0
u[109,0,1,12] = 1.0
u[109,1,0,14] = 1.0
u[110,0,1,4] = 1.0
u[110,1,0,27] = 1.0
u[111,0,1,10] = 1.0
u[111,0,1,25] = 1.0
u[111,1,0,8] = 1.0
u[112,0,1,23] = 1.0
u[113,1,0,21] = 1.0
u[114,0,1,9] = 1.0
u[114,1,0,19] = 1.0
u[116,0,1,18] = 1.0
u[116,1,0,11] = 1.0
u[117,0,1,18] = 1.0
u[117,1,0,18] = 1.0
u[118,0,1,7] = 1.0
u[118,1,0,14] = 1.0
u[119,0,1,14] = 1.0
u[119,1,0,14] = 1.0
u[120,0,1,10] = 1.0
u[120,1,0,19] = 1.0
u[121,0,1,10] = 1.0
u[121,1,0,8] = 1.0
u[123,0,1,18] = 1.0
u[123,1,0,6] = 1.0
u[124,0,1,9] = 1.0
u[124,1,0,13] = 1.0
u[125,1,0,14] = 1.0
u[125,1,0,22] = 1.0
u[126,0,1,9] = 1.0
u[126,1,0,5] = 1.0
u[127,0,1,18] = 1.0
u[128,1,0,5] = 1.0
u[130,0,1,20] = 1.0
u[131,0,1,22] = 1.0
u[131,1,0,20] = 1.0
u[132,0,1,9] = 1.0
u[132,0,1,16] = 1.0
u[132,1,0,16] = 1.0
u[133,0,1,16] = 1.0
u[133,1,0,18] = 1.0
u[134,0,1,12] = 1.0
u[134,1,0,12] = 1.0
u[135,0,1,14] = 1.0
u[135,1,0,12] = 1.0
u[136,0,1,8] = 1.0
u[136,1,0,14] = 1.0
u[137,0,1,8] = 1.0
u[137,1,0,10] = 1.0
u[137,1,0,12] = 1.0
u[138,0,1,10] = 1.0
u[138,1,0,4] = 1.0
u[139,0,1,6] = 1.0
u[139,0,1,8] = 1.0
u[140,1,0,6] = 1.0
u[140,1,0,9] = 1.0
u[141,0,1,5] = 1.0
u[141,1,0,4] = 1.0
u[142,0,1,5] = 1.0
u[143,0,1,6] = 1.0
u[144,1,0,15] = 1.0
u[145,0,1,8] = 1.0
u[146,0,1,11] = 1.0
u[146,1,0,14] = 1.0
u[147,1,0,9] = 2.0
u[148,0,1,10] = 1.0
u[150,1,0,16] = 1.0
u[151,0,1,14] = 1.0
u[151,1,0,16] = 1.0
u[152,0,1,12] = 1.0
u[152,1,0,13] = 1.0
u[153,0,1,12] = 1.0
u[153,1,0,10] = 1.0
u[155,0,1,10] = 1.0
u[155,0,1,24] = 1.0
u[155,1,0,9] = 1.0
u[156,1,0,12] = 1.0
u[157,0,1,13] = 1.0
u[158,0,1,8] = 1.0
u[158,1,0,6] = 1.0
u[158,1,0,22] = 1.0
u[159,0,1,14] = 1.0
u[159,1,0,9] = 1.0
u[160,0,1,18] = 1.0
u[160,1,0,4] = 1.0
u[161,0,1,5] = 1.0
u[161,0,1,7] = 1.0
u[161,1,0,10] = 1.0
u[162,1,0,14] = 1.0
u[163,0,1,5] = 1.0
u[163,0,1,6] = 1.0
u[164,1,0,6] = 1.0
u[165,0,1,11] = 1.0
u[165,1,0,10] = 1.0
u[167,0,1,6] = 1.0
u[167,1,0,11] = 1.0
u[168,0,1,7] = 1.0
u[169,0,1,7] = 1.0
u[169,1,0,8] = 1.0
u[169,1,0,18] = 1.0
u[171,0,1,14] = 1.0
u[171,1,0,10] = 1.0
u[172,0,1,8] = 1.0
u[172,1,0,8] = 1.0
u[172,1,0,11] = 1.0
u[173,0,1,6] = 1.0
u[173,1,0,10] = 1.0
u[174,0,1,7] = 1.0
u[175,0,1,6] = 1.0
u[175,1,0,6] = 1.0
u[176,1,0,4] = 1.0
u[177,0,1,12] = 1.0
u[178,1,0,11] = 1.0
u[179,0,1,9] = 1.0
u[179,1,0,8] = 1.0
u[180,0,1,7] = 1.0
u[181,1,0,5] = 1.0
u[182,0,1,9] = 1.0
u[182,1,0,18] = 1.0
u[183,1,0,4] = 1.0
u[184,0,1,14] = 1.0
u[185,1,0,10] = 1.0
u[186,0,1,15] = 1.0
u[186,1,0,10] = 1.0
u[187,0,1,18] = 1.0
u[188,0,1,6] = 1.0
u[188,0,1,10] = 1.0
u[188,1,0,11] = 1.0
u[189,1,0,14] = 1.0
u[190,0,1,7] = 2.0
u[190,1,0,6] = 1.0
u[191,1,0,6] = 1.0
u[192,0,1,11] = 1.0
u[193,1,0,5] = 2.0
u[195,0,1,8] = 1.0
u[195,1,0,11] = 1.0
u[196,0,1,5] = 1.0
u[197,0,1,11] = 1.0
u[197,1,0,4] = 1.0
u[199,0,1,14] = 1.0
u[199,1,0,7] = 1.0
u[201,0,1,16] = 1.0
u[201,1,0,14] = 1.0
u[203,1,0,12] = 1.0
u[204,0,1,18] = 1.0
u[205,0,1,13] = 1.0
u[205,1,0,20] = 1.0
u[206,0,1,10] = 1.0
u[206,1,0,14] = 1.0
u[207,0,1,23] = 1.0
u[207,1,0,9] = 1.0
u[209,1,0,19] = 1.0
u[210,0,1,15] = 1.0
u[210,0,1,19] = 1.0
u[211,0,1,12] = 1.0
u[211,1,0,12] = 1.0
u[212,1,0,11] = 1.0
u[213,0,1,20] = 1.0
u[215,1,0,16] = 1.0
u[216,0,1,8] = 1.0
u[217,0,1,12] = 1.0
u[217,1,0,24] = 1.0
u[219,0,1,20] = 1.0
u[219,1,0,19] = 1.0
u[221,1,0,16] = 2.0
u[222,0,1,27] = 1.0
u[222,1,0,11] = 1.0
u[223,0,1,12] = 2.0
u[224,0,1,7] = 1.0
u[224,1,0,23] = 1.0
u[225,0,1,24] = 1.0
u[227,1,0,20] = 1.0
u[228,0,1,22] = 1.0
u[228,1,0,17] = 2.0
u[229,0,1,16] = 1.0
u[230,1,0,17] = 1.0
u[232,0,1,13] = 1.0
u[233,0,1,19] = 1.0
u[233,1,0,24] = 1.0
u[234,1,0,9] = 1.0
u[235,0,1,20] = 1.0
u[236,0,1,24] = 1.0
u[236,1,0,16] = 1.0
u[238,1,0,20] = 1.0
u[239,0,1,8] = 1.0
u[239,1,0,19] = 1.0
u[240,0,1,16] = 2.0
u[241,1,0,4] = 1.0
u[241,1,0,29] = 1.0
u[242,0,1,16] = 1.0
u[243,0,1,25] = 1.0
u[243,1,0,14] = 2.0
u[244,1,0,12] = 1.0
u[245,0,1,10] = 1.0
u[246,1,0,21] = 1.0
u[247,0,1,13] = 1.0
u[248,0,1,17] = 1.0
u[248,1,0,9] = 1.0
u[249,1,0,9] = 1.0
u[250,0,1,5] = 1.0
u[250,0,1,19] = 1.0
u[250,1,0,13] = 1.0
u[252,0,1,9] = 1.0
u[252,1,0,15] = 1.0
u[253,0,1,13] = 1.0
u[254,1,0,5] = 1.0
u[255,0,1,27] = 1.0
u[255,1,0,14] = 1.0
u[256,0,1,16] = 1.0
u[257,0,1,10] = 1.0
u[257,1,0,23] = 1.0
u[258,1,0,12] = 1.0
u[259,0,1,19] = 1.0
u[259,1,0,6] = 1.0
u[260,0,1,8] = 1.0
u[260,1,0,22] = 1.0
u[261,0,1,20] = 1.0
u[261,1,0,15] = 1.0
u[262,0,1,18] = 1.0
u[262,1,0,4] = 1.0
u[263,0,1,10] = 1.0
u[263,1,0,16] = 1.0
u[264,0,1,13] = 1.0
u[264,1,0,14] = 1.0
u[265,0,1,5] = 1.0
u[265,0,1,12] = 1.0
u[265,1,0,6] = 1.0
u[266,0,1,10] = 1.0
u[266,1,0,9] = 1.0
u[268,0,1,4] = 1.0
u[268,1,0,6] = 1.0
u[269,1,0,9] = 1.0
u[270,0,1,13] = 1.0
u[270,1,0,19] = 1.0
u[271,0,1,4] = 1.0
u[273,0,1,15] = 1.0
u[273,1,0,10] = 1.0
u[275,0,1,6] = 1.0
u[275,0,1,19] = 1.0
u[276,1,0,10] = 1.0
u[277,1,0,13] = 1.0
u[278,0,1,6] = 1.0
u[278,1,0,15] = 1.0
u[279,0,1,9] = 1.0
u[280,1,0,14] = 1.0
u[282,1,0,8] = 1.0
u[283,0,1,20] = 1.0
u[284,0,1,16] = 1.0
u[284,1,0,15] = 1.0
u[285,0,1,8] = 1.0
u[285,1,0,16] = 1.0
u[286,0,1,11] = 1.0
u[286,1,0,12] = 2.0
u[287,0,1,12] = 1.0
u[288,0,1,8] = 2.0
u[288,1,0,7] = 2.0
c[0,0,3,4] = 2.0
c[1,1,4,5] = 1.0
c[2,0,4,5] = 2.0
c[2,1,5,8] = 1.0
c[3,0,0,4] = 1.0
c[5,1,1,3] = 1.0
c[5,1,1,4] = 1.0
c[6,1,0,8] = 1.0
c[6,1,3,9] = 1.0
c[6,1,4,7] = 1.0
c[7,0,6,8] = 1.0
c[7,1,0,1] = 1.0
c[8,1,8,12] = 1.0
c[9,1,12,13] = 1.0
c[10,1,1,2] = 1.0
c[10,1,4,5] = 1.0
c[12,0,3,5] = 1.0
c[12,0,9,10] = 1.0
c[12,1,2,3] = 1.0
c[12,1,5,7] = 1.0
c[13,0,5,6] = 1.0
c[13,1,7,12] = 1.0
c[14,1,3,4] = 1.0
c[15,1,1,2] = 1.0
c[15,1,6,20] = 1.0
c[16,1,4,5] = 1.0
c[17,1,2,4] = 2.0
c[19,1,20,21] = 1.0
c[20,0,1,8] = 1.0
c[23,0,8,10] = 1.0
c[23,1,4,6] = 3.0
c[24,0,10,15] = 1.0
c[25,1,6,13] = 1.0
c[26,0,15,16] = 1.0
c[26,1,6,7] = 2.0
c[27,1,13,18] = 1.0
c[28,0,16,19] = 1.0
c[28,1,7,13] = 1.0
c[28,1,7,23] = 1.0
c[28,1,21,27] = 1.0
c[30,0,19,29] = 1.0
c[30,1,18,19] = 1.0
c[31,1,13,24] = 1.0
c[31,1,19,20] = 1.0
c[32,1,20,26] = 1.0
c[32,1,27,31] = 1.0
c[33,1,23,24] = 1.0
c[34,1,24,25] = 1.0
c[36,1,24,26] = 1.0
c[36,1,25,26] = 1.0
c[36,1,26,27] = 1.0
c[37,1,26,30] = 1.0
c[37,1,27,31] = 1.0
c[38,0,29,30] = 1.0
c[39,1,26,28] = 1.0
c[40,0,30,31] = 1.0
c[41,1,28,29] = 1.0
c[43,0,27,28] = 1.0
c[43,1,29,31] = 1.0
c[43,1,30,31] = 1.0
c[44,0,31,32] = 1.0
c[45,1,31,32] = 1.0
c[46,0,28,29] = 1.0
c[49,0,29,30] = 1.0
c[49,1,31,32] = 1.0
c[53,1,26,27] = 1.0
c[55,1,15,23] = 1.0
c[56,0,23,30] = 1.0
c[58,1,28,31] = 1.0
c[59,0,28,31] = 1.0
c[61,0,19,27] = 1.0
c[64,0,28,29] = 1.0
c[68,0,22,23] = 1.0
c[68,1,25,29] = 1.0
c[70,0,23,25] = 1.0
c[71,0,19,27] = 1.0
c[71,1,19,20] = 1.0
c[72,1,15,19] = 1.0
c[74,0,16,21] = 1.0
c[74,1,21,24] = 1.0
c[78,0,20,24] = 1.0
c[78,1,17,21] = 1.0
c[78,1,23,24] = 1.0
c[80,1,21,22] = 1.0
c[81,0,7,19] = 1.0
c[81,0,20,27] = 1.0
c[81,1,22,25] = 1.0
c[82,1,20,26] = 1.0
c[85,0,19,31] = 1.0
c[85,1,5,25] = 1.0
c[91,0,19,20] = 1.0
c[93,0,5,12] = 1.0
c[94,1,16,21] = 1.0
c[95,0,12,18] = 1.0
c[97,0,6,14] = 1.0
c[97,1,17,18] = 1.0
c[98,0,17,19] = 1.0
c[99,1,14,17] = 1.0
c[100,0,14,16] = 1.0
c[101,1,15,25] = 1.0
c[103,1,12,27] = 1.0
c[106,0,15,18] = 1.0
c[106,1,2,8] = 1.0
c[107,0,5,10] = 1.0
c[108,0,10,12] = 1.0
c[108,0,21,25] = 1.0
c[112,1,0,2] = 1.0
c[113,0,4,9] = 1.0
c[113,1,2,4] = 1.0
c[113,1,6,18] = 1.0
c[114,1,4,11] = 1.0
c[115,0,17,18] = 1.0
c[116,0,15,18] = 1.0
c[116,1,5,19] = 1.0
c[120,1,3,8] = 1.0
c[121,1,10,22] = 1.0
c[122,0,15,18] = 1.0
c[122,1,6,13] = 1.0
c[123,0,4,9] = 1.0
c[125,0,2,22] = 1.0
c[127,0,10,20] = 1.0
c[128,0,1,16] = 1.0
c[129,1,14,20] = 1.0
c[130,0,1,9] = 1.0
c[134,1,5,14] = 1.0
c[136,1,8,12] = 1.0
c[139,1,4,9] = 1.0
c[140,0,0,5] = 1.0
c[141,1,2,15] = 1.0
c[142,0,2,6] = 1.0
c[143,0,0,8] = 1.0
c[143,1,1,5] = 1.0
c[144,1,1,2] = 1.0
c[144,1,5,14] = 1.0
c[145,1,2,9] = 2.0
c[147,1,4,9] = 1.0
c[148,1,7,16] = 1.0
c[148,1,9,16] = 1.0
c[149,0,5,14] = 2.0
c[150,1,6,13] = 1.0
c[151,0,14,24] = 1.0
c[154,0,9,10] = 1.0
c[154,1,8,9] = 1.0
c[155,0,6,13] = 1.0
c[155,1,8,12] = 1.0
c[157,0,5,14] = 1.0
c[157,1,20,22] = 1.0
c[160,0,2,7] = 1.0
c[162,0,0,5] = 1.0
c[163,1,1,6] = 1.0
c[163,1,3,5] = 1.0
c[164,0,10,11] = 1.0
c[164,1,5,10] = 1.0
c[165,1,1,18] = 1.0
c[165,1,2,11] = 1.0
c[166,0,2,6] = 1.0
c[167,0,6,7] = 1.0
c[168,1,7,8] = 1.0
c[169,1,2,10] = 1.0
c[170,1,3,11] = 1.0
c[171,0,4,8] = 1.0
c[171,1,3,8] = 1.0
c[174,0,4,12] = 1.0
c[174,1,4,6] = 1.0
c[175,1,2,4] = 1.0
c[176,1,3,11] = 1.0
c[177,0,2,9] = 1.0
c[178,1,2,18] = 1.0
c[179,0,0,1] = 1.0
c[181,0,4,9] = 1.0
c[182,1,3,4] = 1.0
c[183,0,1,15] = 1.0
c[183,0,1,18] = 1.0
c[184,1,5,10] = 1.0
c[187,0,6,10] = 1.0
c[188,0,0,7] = 1.0
c[190,1,2,6] = 1.0
c[191,0,10,11] = 1.0
c[192,1,3,5] = 2.0
c[193,0,2,7] = 1.0
c[194,0,2,3] = 1.0
c[194,0,7,8] = 1.0
c[194,1,7,11] = 1.0
c[195,0,1,5] = 1.0
c[195,0,1,11] = 1.0
c[195,0,3,13] = 1.0
c[197,0,7,8] = 1.0
c[198,0,8,11] = 1.0
c[198,0,13,14] = 1.0
c[198,1,1,14] = 1.0
c[199,0,0,11] = 1.0
c[199,0,11,14] = 1.0
c[200,0,14,16] = 1.0
c[201,0,3,23] = 1.0
c[201,1,10,15] = 1.0
c[202,0,11,18] = 1.0
c[203,0,10,11] = 1.0
c[203,1,15,20] = 1.0
c[204,0,11,13] = 1.0
c[205,0,8,10] = 1.0
c[207,0,16,19] = 1.0
c[208,0,10,15] = 1.0
c[208,1,6,7] = 1.0
c[209,0,5,12] = 1.0
c[209,1,7,9] = 1.0
c[210,1,9,12] = 1.0
c[211,0,15,20] = 1.0
c[213,1,8,16] = 1.0
c[213,1,15,18] = 1.0
c[214,0,8,27] = 1.0
c[214,1,18,24] = 1.0
c[215,0,7,8] = 1.0
c[217,1,16,19] = 1.0
c[218,1,4,10] = 1.0
c[219,1,8,16] = 1.0
c[220,1,10,11] = 1.0
c[221,0,15,24] = 1.0
c[225,1,8,15] = 2.0
c[226,0,19,22] = 1.0
c[226,1,3,14] = 1.0
c[227,1,15,17] = 2.0
c[229,1,14,17] = 1.0
c[230,1,18,24] = 1.0
c[231,0,13,19] = 1.0
c[231,0,13,20] = 1.0
c[231,1,12,29] = 1.0
c[234,0,20,24] = 1.0
c[235,1,15,16] = 1.0
c[236,0,5,8] = 1.0
c[237,1,16,19] = 1.0
c[238,0,12,16] = 1.0
c[241,0,15,16] = 1.0
c[242,1,12,14] = 2.0
c[245,0,0,9] = 1.0
c[245,0,10,11] = 1.0
c[246,0,8,9] = 1.0
c[246,0,11,13] = 1.0
c[247,0,9,19] = 1.0
c[247,0,9,27] = 1.0
c[247,1,6,9] = 1.0
c[251,0,5,10] = 1.0
c[252,0,10,13] = 1.0
c[252,1,1,14] = 1.0
c[254,0,11,14] = 1.0
c[255,0,14,16] = 1.0
c[255,1,9,22] = 1.0
c[256,0,1,20] = 1.0
c[261,0,2,10] = 1.0
c[263,0,11,13] = 1.0
c[264,0,0,5] = 1.0
c[267,0,2,4] = 1.0
c[267,1,1,9] = 1.0
c[267,1,8,19] = 1.0
c[268,0,5,13] = 1.0
c[270,0,2,4] = 1.0
c[271,0,5,19] = 1.0
c[271,1,0,1] = 1.0
c[272,1,9,10] = 1.0
c[274,1,1,10] = 1.0
c[275,1,11,13] = 1.0
c[277,1,2,14] = 1.0
c[280,0,11,20] = 1.0
c[280,1,2,8] = 1.0
c[281,1,0,7] = 1.0
c[281,1,5,15] = 1.0
c[282,0,10,16] = 1.0
c[284,0,4,8] = 1.0
c[284,1,7,12] = 1.0
c[287,1,4,7] = 1.0
c[289,1,8,10] = 1.0
c[290,0,3,4] = 2.0
s[241,0,1] = 4.0
