results
n[0,0,6] = 1.0
n[0,0,13] = 1.0
n[0,1,0] = 1.0
n[0,1,23] = 1.0
n[1,1,0] = 1.0
n[1,1,3] = 1.0
n[1,1,23] = 1.0
n[2,1,3] = 1.0
n[2,1,23] = 1.0
n[3,0,9] = 1.0
n[3,1,1] = 1.0
n[3,1,3] = 1.0
n[3,1,23] = 1.0
n[4,1,3] = 1.0
n[5,1,3] = 1.0
n[5,1,24] = 1.0
n[8,1,2] = 1.0
n[9,1,2] = 1.0
n[10,0,8] = 1.0
n[10,1,2] = 1.0
n[10,1,9] = 1.0
n[11,0,8] = 1.0
n[11,1,2] = 1.0
n[12,0,8] = 1.0
n[12,1,2] = 1.0
n[13,1,2] = 1.0
n[13,1,8] = 1.0
n[14,0,14] = 1.0
n[14,1,2] = 1.0
n[15,0,14] = 1.0
n[15,1,2] = 1.0
n[15,1,4] = 1.0
n[15,1,11] = 1.0
n[16,0,14] = 1.0
n[16,1,2] = 1.0
n[16,1,11] = 1.0
n[17,0,13] = 1.0
n[17,1,5] = 1.0
n[17,1,11] = 1.0
n[18,0,13] = 1.0
n[20,0,15] = 1.0
n[20,1,7] = 2.0
n[20,1,13] = 1.0
n[20,1,15] = 1.0
n[21,1,13] = 1.0
n[22,0,18] = 1.0
n[28,1,20] = 2.0
n[30,1,21] = 2.0
n[35,1,25] = 1.0
n[36,1,25] = 1.0
n[37,1,25] = 1.0
n[38,1,24] = 1.0
n[38,1,29] = 2.0
n[39,1,24] = 1.0
n[45,1,26] = 1.0
n[50,0,27] = 1.0
n[50,1,29] = 1.0
n[53,0,25] = 1.0
n[61,1,27] = 1.0
n[80,1,28] = 1.0
n[85,1,17] = 1.0
n[86,0,23] = 1.0
n[109,0,9] = 1.0
n[109,1,26] = 1.0
n[120,0,21] = 1.0
n[123,0,5] = 1.0
n[125,0,13] = 1.0
n[126,0,10] = 1.0
n[126,1,14] = 1.0
n[131,1,17] = 1.0
n[132,0,10] = 1.0
n[135,0,8] = 1.0
n[135,0,14] = 1.0
n[136,0,8] = 1.0
n[141,0,13] = 1.0
n[142,1,9] = 1.0
n[147,0,22] = 1.0
n[148,0,22] = 1.0
n[155,0,16] = 1.0
n[157,1,14] = 1.0
n[168,1,22] = 1.0
n[170,1,9] = 1.0
n[173,1,12] = 1.0
n[191,0,26] = 1.0
n[196,1,25] = 1.0
n[200,1,20] = 1.0
n[270,1,3] = 1.0
n[280,0,9] = 1.0
n[280,0,20] = 1.0
n[284,0,19] = 1.0
n[286,1,1] = 1.0
n[287,1,1] = 1.0
n[289,1,2] = 1.0
n[290,0,6] = 1.0
n[290,0,13] = 1.0
n[290,1,0] = 1.0
n[290,1,23] = 1.0
u[1,0,1,13] = 1.0
u[4,0,1,9] = 1.0
u[4,1,0,10] = 1.0
u[6,0,1,6] = 1.0
u[6,1,0,24] = 1.0
u[8,0,1,20] = 1.0
u[8,1,0,12] = 2.0
u[11,0,1,12] = 1.0
u[12,1,0,18] = 1.0
u[13,0,1,8] = 1.0
u[15,1,0,17] = 1.0
u[18,0,1,17] = 1.0
u[28,1,0,23] = 1.0
u[32,0,1,28] = 1.0
u[36,0,1,28] = 1.0
u[38,1,0,31] = 1.0
u[40,0,1,27] = 1.0
u[40,1,0,24] = 1.0
u[45,1,0,31] = 1.0
u[46,0,1,26] = 1.0
u[48,1,0,31] = 1.0
u[51,1,0,29] = 1.0
u[52,0,1,30] = 1.0
u[54,0,1,25] = 1.0
u[54,1,0,26] = 1.0
u[57,1,0,32] = 1.0
u[59,0,1,31] = 1.0
u[60,1,0,31] = 1.0
u[62,0,1,27] = 1.0
u[62,1,0,27] = 1.0
u[65,1,0,30] = 1.0
u[67,0,1,26] = 1.0
u[68,0,1,31] = 1.0
u[68,1,0,28] = 1.0
u[71,1,0,24] = 1.0
u[72,0,1,30] = 1.0
u[73,1,0,29] = 1.0
u[74,1,0,26] = 1.0
u[75,0,1,23] = 1.0
u[78,0,1,32] = 1.0
u[80,0,1,29] = 1.0
u[80,1,0,23] = 1.0
u[81,0,1,28] = 1.0
u[81,1,0,28] = 1.0
u[82,0,1,31] = 1.0
u[83,0,1,21] = 1.0
u[83,0,1,24] = 1.0
u[83,1,0,24] = 1.0
u[84,1,0,27] = 1.0
u[85,0,1,20] = 1.0
u[87,1,0,18] = 1.0
u[89,0,1,26] = 1.0
u[89,1,0,19] = 1.0
u[90,0,1,16] = 1.0
u[90,1,0,27] = 1.0
u[91,1,0,22] = 1.0
u[92,0,1,17] = 1.0
u[92,1,0,31] = 1.0
u[93,1,0,13] = 1.0
u[94,0,1,27] = 1.0
u[95,0,1,9] = 1.0
u[95,0,1,22] = 1.0
u[95,1,0,14] = 1.0
u[96,0,1,28] = 1.0
u[96,1,0,23] = 1.0
u[98,0,1,19] = 1.0
u[98,1,0,6] = 1.0
u[99,0,1,15] = 1.0
u[99,1,0,22] = 1.0
u[100,1,0,26] = 1.0
u[101,0,1,18] = 1.0
u[102,0,1,22] = 1.0
u[102,1,0,19] = 1.0
u[103,0,1,15] = 1.0
u[103,1,0,14] = 1.0
u[104,0,1,15] = 1.0
u[105,1,0,11] = 1.0
u[106,0,1,14] = 1.0
u[107,0,1,7] = 1.0
u[107,1,0,13] = 1.0
u[108,1,0,27] = 1.0
u[109,1,0,12] = 1.0
u[110,0,1,9] = 1.0
u[110,1,0,26] = 1.0
u[112,0,1,22] = 1.0
u[112,1,0,5] = 1.0
u[112,1,0,15] = 1.0
u[113,0,1,15] = 1.0
u[114,0,1,28] = 1.0
u[114,1,0,18] = 1.0
u[115,0,1,13] = 1.0
u[115,1,0,11] = 1.0
u[116,0,1,14] = 1.0
u[116,1,0,24] = 1.0
u[117,0,1,7] = 1.0
u[117,1,0,9] = 1.0
u[118,0,1,20] = 1.0
u[118,1,0,10] = 1.0
u[119,0,1,5] = 1.0
u[120,1,0,16] = 1.0
u[121,0,1,21] = 1.0
u[121,1,0,9] = 1.0
u[122,0,1,12] = 1.0
u[123,1,0,17] = 1.0
u[124,0,1,5] = 1.0
u[124,0,1,18] = 1.0
u[124,1,0,14] = 1.0
u[126,0,1,13] = 1.0
u[127,0,1,10] = 1.0
u[127,1,0,14] = 1.0
u[129,0,1,10] = 1.0
u[129,1,0,23] = 1.0
u[130,1,0,14] = 1.0
u[131,0,1,19] = 1.0
u[132,1,0,17] = 2.0
u[133,0,1,10] = 1.0
u[133,1,0,12] = 1.0
u[134,1,0,18] = 1.0
u[135,0,1,14] = 1.0
u[136,0,1,14] = 2.0
u[136,1,0,8] = 1.0
u[137,0,1,8] = 1.0
u[138,0,1,4] = 1.0
u[138,1,0,10] = 1.0
u[139,1,0,17] = 1.0
u[140,0,1,6] = 1.0
u[141,1,0,10] = 1.0
u[142,0,1,13] = 1.0
u[143,1,0,9] = 1.0
u[144,0,1,8] = 1.0
u[144,1,0,9] = 1.0
u[145,1,0,26] = 1.0
u[146,0,1,5] = 1.0
u[146,1,0,18] = 1.0
u[147,1,0,5] = 1.0
u[148,0,1,14] = 1.0
u[149,0,1,22] = 1.0
u[151,1,0,18] = 1.0
u[152,0,1,25] = 1.0
u[153,0,1,16] = 1.0
u[153,1,0,20] = 2.0
u[154,0,1,16] = 1.0
u[154,1,0,21] = 1.0
u[155,0,1,16] = 1.0
u[155,1,0,12] = 1.0
u[156,0,1,16] = 1.0
u[156,0,1,17] = 1.0
u[157,1,0,12] = 1.0
u[158,0,1,10] = 1.0
u[158,1,0,12] = 1.0
u[160,1,0,6] = 1.0
u[161,0,1,9] = 1.0
u[161,1,0,21] = 1.0
u[162,1,0,21] = 1.0
u[163,0,1,17] = 1.0
u[163,1,0,5] = 1.0
u[164,0,1,17] = 1.0
u[165,0,1,15] = 1.0
u[165,1,0,13] = 1.0
u[166,0,1,26] = 1.0
u[168,0,1,13] = 1.0
u[168,1,0,17] = 1.0
u[169,0,1,18] = 1.0
u[169,1,0,22] = 1.0
u[170,0,1,13] = 1.0
u[171,0,1,18] = 1.0
u[171,1,0,9] = 1.0
u[171,1,0,14] = 1.0
u[173,0,1,5] = 1.0
u[174,0,1,13] = 1.0
u[174,1,0,12] = 1.0
u[175,1,0,28] = 1.0
u[176,0,1,8] = 1.0
u[176,1,0,21] = 1.0
u[177,0,1,24] = 1.0
u[177,1,0,11] = 1.0
u[178,0,1,17] = 1.0
u[179,1,0,20] = 1.0
u[180,1,0,12] = 1.0
u[181,0,1,16] = 1.0
u[181,1,0,15] = 1.0
u[183,0,1,17] = 1.0
u[183,1,0,12] = 1.0
u[185,0,1,15] = 1.0
u[185,1,0,13] = 1.0
u[186,0,1,20] = 1.0
u[187,1,0,11] = 1.0
u[188,0,1,11] = 1.0
u[188,1,0,16] = 1.0
u[189,1,0,30] = 1.0
u[190,0,1,8] = 1.0
u[190,0,1,12] = 1.0
u[190,0,1,23] = 1.0
u[190,1,0,7] = 1.0
u[192,0,1,26] = 1.0
u[192,1,0,19] = 1.0
u[193,1,0,12] = 1.0
u[194,0,1,15] = 1.0
u[195,1,0,14] = 1.0
u[196,0,1,18] = 1.0
u[197,0,1,10] = 1.0
u[197,1,0,25] = 1.0
u[198,0,1,19] = 1.0
u[199,1,0,6] = 1.0
u[199,1,0,19] = 1.0
u[200,0,1,23] = 1.0
u[200,1,0,15] = 1.0
u[201,0,1,15] = 1.0
u[201,1,0,20] = 1.0
u[202,1,0,19] = 1.0
u[203,0,1,16] = 1.0
u[203,1,0,11] = 1.0
u[204,0,1,15] = 1.0
u[205,0,1,7] = 1.0
u[205,0,1,17] = 1.0
u[205,1,0,12] = 1.0
u[206,0,1,21] = 1.0
u[206,1,0,11] = 1.0
u[207,0,1,8] = 1.0
u[207,1,0,13] = 1.0
u[208,1,0,4] = 1.0
u[208,1,0,17] = 1.0
u[209,0,1,9] = 1.0
u[210,0,1,13] = 1.0
u[211,0,1,4] = 1.0
u[211,1,0,5] = 1.0
u[212,0,1,21] = 1.0
u[212,1,0,15] = 1.0
u[214,0,1,11] = 1.0
u[214,1,0,5] = 1.0
u[214,1,0,17] = 1.0
u[216,0,1,13] = 1.0
u[216,1,0,7] = 1.0
u[218,0,1,20] = 1.0
u[218,1,0,9] = 1.0
u[220,0,1,18] = 1.0
u[220,1,0,16] = 1.0
u[221,1,0,28] = 1.0
u[222,0,1,12] = 1.0
u[223,0,1,24] = 1.0
u[223,1,0,17] = 1.0
u[224,1,0,8] = 1.0
u[225,0,1,22] = 1.0
u[225,0,1,25] = 1.0
u[226,0,1,4] = 1.0
u[226,0,1,16] = 1.0
u[226,1,0,22] = 1.0
u[227,1,0,18] = 1.0
u[227,1,0,21] = 1.0
u[228,0,1,18] = 1.0
u[228,1,0,12] = 1.0
u[229,0,1,17] = 1.0
u[229,1,0,5] = 1.0
u[230,1,0,14] = 1.0
u[231,0,1,19] = 1.0
u[231,1,0,13] = 1.0
u[232,0,1,16] = 1.0
u[233,0,1,9] = 1.0
u[233,0,1,14] = 1.0
u[233,1,0,15] = 1.0
u[234,0,1,15] = 1.0
u[234,1,0,12] = 1.0
u[235,1,0,10] = 1.0
u[236,1,0,11] = 1.0
u[237,0,1,6] = 1.0
u[237,0,1,18] = 1.0
u[238,0,1,16] = 1.0
u[238,1,0,17] = 1.0
u[239,1,0,14] = 1.0
u[240,0,1,13] = 1.0
u[240,0,1,15] = 1.0
u[240,1,0,12] = 1.0
u[241,0,1,10] = 1.0
u[241,1,0,12] = 1.0
u[242,0,1,8] = 1.0
u[242,1,0,9] = 1.0
u[242,1,0,11] = 1.0
u[243,0,1,8] = 1.0
u[243,1,0,6] = 1.0
u[244,0,1,7] = 1.0
u[244,1,0,4] = 1.0
u[245,1,0,4] = 1.0
u[246,0,1,14] = 1.0
u[247,0,1,12] = 1.0
u[247,1,0,8] = 1.0
u[248,1,0,10] = 1.0
u[249,0,1,9] = 1.0
u[249,0,1,13] = 1.0
u[249,1,0,8] = 1.0
u[250,0,1,6] = 1.0
u[251,0,1,13] = 1.0
u[251,1,0,9] = 1.0
u[252,0,1,9] = 1.0
u[252,1,0,10] = 1.0
u[253,1,0,9] = 1.0
u[254,0,1,6] = 1.0
u[254,0,1,10] = 1.0
u[254,1,0,12] = 1.0
u[255,0,1,5] = 1.0
u[255,1,0,10] = 1.0
u[256,1,0,6] = 1.0
u[257,0,1,6] = 1.0
u[258,0,1,16] = 1.0
u[258,1,0,6] = 1.0
u[258,1,0,12] = 1.0
u[260,0,1,12] = 1.0
u[260,1,0,12] = 1.0
u[261,0,1,12] = 1.0
u[261,1,0,12] = 1.0
u[262,0,1,8] = 1.0
u[262,0,1,12] = 1.0
u[262,1,0,8] = 1.0
u[263,0,1,8] = 1.0
u[263,1,0,8] = 1.0
u[264,0,1,4] = 1.0
u[264,1,0,4] = 1.0
u[264,1,0,8] = 1.0
u[265,0,1,4] = 1.0
u[265,1,0,4] = 1.0
u[266,0,1,4] = 1.0
u[267,0,1,5] = 1.0
u[267,1,0,5] = 1.0
u[268,0,1,4] = 1.0
u[269,1,0,8] = 1.0
u[270,1,0,10] = 1.0
u[271,0,1,10] = 1.0
u[272,1,0,6] = 1.0
u[273,0,1,13] = 1.0
u[275,0,1,16] = 1.0
u[275,1,0,9] = 1.0
u[276,0,1,5] = 1.0
u[278,1,0,13] = 1.0
u[278,1,0,24] = 1.0
u[279,0,1,12] = 1.0
u[280,1,0,8] = 1.0
u[281,0,1,20] = 1.0
u[281,1,0,8] = 1.0
u[283,0,1,4] = 1.0
u[283,1,0,16] = 1.0
u[284,0,1,12] = 1.0
u[284,1,0,29] = 1.0
u[285,0,1,12] = 1.0
u[285,0,1,19] = 1.0
u[286,1,0,8] = 1.0
u[288,0,1,4] = 1.0
u[288,0,1,27] = 1.0
u[288,1,0,10] = 1.0
u[288,1,0,17] = 1.0
c[0,1,2,3] = 1.0
c[1,0,6,7] = 1.0
c[2,0,7,9] = 1.0
c[2,1,0,1] = 1.0
c[3,1,9,10] = 1.0
c[4,1,1,4] = 1.0
c[4,1,23,24] = 1.0
c[5,1,4,5] = 1.0
c[6,1,3,6] = 1.0
c[6,1,5,12] = 2.0
c[7,1,6,7] = 1.0
c[8,1,7,8] = 1.0
c[9,1,8,9] = 1.0
c[10,0,8,12] = 1.0
c[10,1,16,17] = 1.0
c[11,1,9,10] = 1.0
c[11,1,17,18] = 1.0
c[12,1,10,11] = 1.0
c[13,1,11,17] = 1.0
c[14,1,8,11] = 1.0
c[16,1,4,5] = 1.0
c[17,0,14,17] = 1.0
c[17,1,2,5] = 1.0
c[18,1,5,6] = 2.0
c[18,1,11,15] = 1.0
c[19,0,13,15] = 1.0
c[19,1,6,7] = 2.0
c[21,0,15,18] = 1.0
c[21,1,7,12] = 2.0
c[21,1,15,16] = 1.0
c[22,1,13,14] = 1.0
c[22,1,16,18] = 1.0
c[23,0,18,21] = 1.0
c[23,1,12,16] = 2.0
c[23,1,14,18] = 1.0
c[23,1,18,19] = 1.0
c[24,1,19,26] = 1.0
c[25,0,21,22] = 1.0
c[25,1,16,17] = 2.0
c[25,1,18,23] = 1.0
c[26,0,22,27] = 1.0
c[26,1,17,20] = 2.0
c[28,1,26,30] = 1.0
c[29,1,20,21] = 2.0
c[30,0,19,28] = 1.0
c[30,0,27,28] = 1.0
c[31,1,21,29] = 2.0
c[34,1,24,25] = 1.0
c[34,1,30,31] = 1.0
c[38,1,25,27] = 1.0
c[39,1,29,31] = 2.0
c[40,1,27,31] = 1.0
c[42,0,20,26] = 1.0
c[42,1,23,25] = 1.0
c[44,1,25,26] = 1.0
c[45,1,31,32] = 1.0
c[46,1,26,29] = 1.0
c[47,0,27,30] = 1.0
c[48,1,22,26] = 1.0
c[51,0,27,31] = 1.0
c[51,1,26,31] = 1.0
c[56,0,22,25] = 1.0
c[56,1,21,26] = 1.0
c[58,0,25,31] = 1.0
c[59,0,28,30] = 1.0
c[59,1,26,30] = 1.0
c[63,0,30,32] = 1.0
c[64,0,23,27] = 1.0
c[64,1,23,28] = 1.0
c[67,0,27,30] = 1.0
c[69,1,22,24] = 1.0
c[70,0,24,28] = 1.0
c[70,1,27,29] = 1.0
c[73,0,20,23] = 1.0
c[74,0,28,30] = 1.0
c[75,0,25,29] = 1.0
c[76,0,22,23] = 1.0
c[77,0,23,28] = 1.0
c[77,1,19,22] = 1.0
c[78,0,30,31] = 1.0
c[79,1,22,23] = 1.0
c[82,0,19,21] = 1.0
c[82,1,25,31] = 1.0
c[85,1,20,27] = 1.0
c[86,1,17,18] = 1.0
c[87,0,23,26] = 1.0
c[87,1,16,19] = 1.0
c[89,0,14,16] = 1.0
c[91,0,15,17] = 1.0
c[92,0,23,28] = 1.0
c[92,1,12,13] = 1.0
c[93,0,18,22] = 1.0
c[94,1,13,14] = 1.0
c[97,0,10,15] = 1.0
c[97,1,5,6] = 1.0
c[97,1,18,22] = 1.0
c[98,1,24,25] = 1.0
c[99,1,25,26] = 1.0
c[100,0,2,15] = 1.0
c[100,1,15,19] = 1.0
c[101,1,11,27] = 1.0
c[104,1,18,26] = 1.0
c[105,0,10,14] = 1.0
c[106,1,11,13] = 1.0
c[108,1,10,12] = 1.0
c[109,1,3,15] = 1.0
c[110,0,23,28] = 1.0
c[111,0,8,15] = 1.0
c[114,0,1,21] = 1.0
c[114,0,11,13] = 1.0
c[119,1,3,9] = 1.0
c[120,0,6,18] = 1.0
c[121,1,1,14] = 1.0
c[124,1,8,23] = 1.0
c[126,1,1,4] = 1.0
c[127,1,4,14] = 1.0
c[128,1,9,17] = 1.0
c[129,1,6,17] = 1.0
c[131,1,6,12] = 1.0
c[133,1,15,18] = 1.0
c[134,0,13,14] = 2.0
c[135,1,6,8] = 1.0
c[137,1,10,17] = 1.0
c[138,1,10,26] = 1.0
c[139,1,4,10] = 1.0
c[140,1,0,9] = 1.0
c[142,1,2,18] = 1.0
c[143,0,6,8] = 1.0
c[145,0,5,14] = 1.0
c[146,1,4,5] = 1.0
c[147,0,14,25] = 1.0
c[148,1,1,20] = 1.0
c[149,0,1,16] = 1.0
c[150,1,10,20] = 1.0
c[153,0,14,16] = 1.0
c[156,1,12,14] = 1.0
c[157,0,8,10] = 1.0
c[158,1,13,20] = 1.0
c[158,1,14,21] = 1.0
c[159,0,8,26] = 1.0
c[160,0,8,9] = 1.0
c[161,1,20,21] = 1.0
c[162,0,2,15] = 1.0
c[165,0,1,15] = 1.0
c[166,1,13,17] = 1.0
c[167,0,9,13] = 1.0
c[167,1,11,28] = 1.0
c[168,0,15,18] = 1.0
c[172,1,9,12] = 1.0
c[173,0,10,13] = 1.0
c[173,1,14,21] = 1.0
c[175,1,1,30] = 1.0
c[176,1,9,11] = 1.0
c[178,1,4,12] = 1.0
c[179,0,7,9] = 1.0
c[180,0,9,17] = 1.0
c[180,1,13,15] = 1.0
c[182,0,8,20] = 1.0
c[183,0,11,15] = 1.0
c[185,0,8,23] = 1.0
c[187,0,9,11] = 1.0
c[189,0,7,8] = 1.0
c[192,0,3,18] = 1.0
c[192,1,4,14] = 1.0
c[192,1,8,12] = 1.0
c[194,1,22,25] = 1.0
c[195,0,8,19] = 1.0
c[196,1,11,19] = 1.0
c[198,1,14,20] = 1.0
c[199,0,21,23] = 1.0
c[201,0,2,14] = 1.0
c[202,0,11,13] = 1.0
c[203,0,13,21] = 1.0
c[204,0,14,17] = 1.0
c[207,1,3,4] = 1.0
c[208,0,7,21] = 1.0
c[209,1,4,15] = 1.0
c[210,0,0,4] = 1.0
c[212,1,9,28] = 1.0
c[213,0,1,20] = 1.0
c[213,1,0,5] = 1.0
c[216,0,1,18] = 1.0
c[218,0,3,25] = 1.0
c[220,0,5,22] = 1.0
c[222,1,14,17] = 1.0
c[225,0,13,16] = 1.0
c[225,1,20,22] = 1.0
c[228,1,0,5] = 1.0
c[229,0,14,19] = 1.0
c[230,0,8,16] = 1.0
c[231,0,1,15] = 1.0
c[232,0,10,14] = 1.0
c[235,0,11,18] = 1.0
c[235,1,5,17] = 1.0
c[236,0,8,16] = 1.0
c[238,0,7,15] = 1.0
c[239,1,2,12] = 1.0
c[244,0,5,10] = 1.0
c[245,0,2,12] = 1.0
c[245,0,10,14] = 1.0
c[246,0,0,13] = 1.0
c[246,1,3,8] = 1.0
c[247,0,0,9] = 1.0
c[249,0,4,13] = 1.0
c[251,0,4,9] = 1.0
c[251,1,5,10] = 1.0
c[252,1,2,12] = 1.0
c[253,0,5,10] = 1.0
c[254,1,5,10] = 1.0
c[256,0,8,16] = 1.0
c[256,1,2,12] = 1.0
c[257,1,1,6] = 1.0
c[258,0,2,12] = 1.0
c[259,1,2,12] = 1.0
c[260,0,2,12] = 1.0
c[260,0,8,12] = 1.0
c[266,0,0,5] = 1.0
c[266,1,0,5] = 1.0
c[267,0,0,4] = 1.0
c[267,1,0,8] = 1.0
c[268,1,0,10] = 1.0
c[269,0,1,10] = 1.0
c[269,1,1,3] = 1.0
c[270,1,0,6] = 1.0
c[271,0,4,13] = 1.0
c[271,1,3,24] = 1.0
c[272,0,6,16] = 1.0
c[273,1,6,29] = 1.0
c[274,0,2,3] = 1.0
c[275,0,3,5] = 1.0
c[277,0,5,12] = 1.0
c[277,1,12,13] = 1.0
c[278,1,1,8] = 1.0
c[281,0,9,19] = 1.0
c[282,0,4,12] = 1.0
c[285,1,0,1] = 1.0
c[286,0,25,27] = 1.0
c[287,1,8,10] = 1.0
c[287,1,15,17] = 1.0
c[288,1,1,2] = 1.0
c[290,1,2,3] = 1.0
s[95,0,1] = 4.0
s[189,0,1] = 4.0
s[227,0,1] = 12.0
s[239,0,1] = 8.0
s[251,0,1] = 4.0
