results
n[0,0,9] = 1.0
n[0,0,13] = 1.0
n[0,1,1] = 1.0
n[1,1,1] = 1.0
n[2,1,1] = 1.0
n[3,0,4] = 2.0
n[4,0,4] = 1.0
n[5,1,4] = 1.0
n[6,0,6] = 1.0
n[7,0,10] = 1.0
n[7,1,0] = 1.0
n[8,1,0] = 1.0
n[10,0,6] = 1.0
n[11,1,8] = 1.0
n[13,1,2] = 1.0
n[14,1,2] = 1.0
n[14,1,10] = 2.0
n[16,1,3] = 1.0
n[16,1,11] = 2.0
n[17,1,3] = 1.0
n[17,1,11] = 3.0
n[18,1,3] = 1.0
n[22,1,15] = 3.0
n[33,1,29] = 2.0
n[34,1,29] = 1.0
n[35,1,29] = 1.0
n[36,1,29] = 1.0
n[37,0,28] = 1.0
n[39,1,30] = 1.0
n[41,0,29] = 1.0
n[44,0,27] = 1.0
n[60,1,24] = 1.0
n[61,1,24] = 1.0
n[64,1,26] = 1.0
n[67,0,27] = 1.0
n[79,0,24] = 1.0
n[111,0,9] = 1.0
n[127,0,2] = 1.0
n[141,0,12] = 1.0
n[142,1,23] = 1.0
n[146,0,13] = 1.0
n[146,1,15] = 1.0
n[151,0,15] = 2.0
n[152,0,15] = 1.0
n[154,0,12] = 1.0
n[158,1,3] = 1.0
n[159,1,3] = 1.0
n[160,0,15] = 1.0
n[163,1,13] = 1.0
n[170,0,4] = 1.0
n[172,0,16] = 1.0
n[185,0,20] = 1.0
n[187,1,30] = 1.0
n[190,0,12] = 1.0
n[191,0,12] = 1.0
n[204,0,19] = 1.0
n[206,1,2] = 1.0
n[214,1,6] = 1.0
n[215,1,6] = 1.0
n[222,1,20] = 1.0
n[232,0,15] = 1.0
n[234,0,10] = 1.0
n[235,0,9] = 1.0
n[240,1,16] = 1.0
n[242,1,12] = 1.0
n[245,1,0] = 1.0
n[246,1,0] = 1.0
n[247,1,0] = 1.0
n[247,1,11] = 1.0
n[248,1,0] = 1.0
n[249,1,0] = 1.0
n[250,1,0] = 1.0
n[251,1,0] = 1.0
n[252,1,18] = 1.0
n[258,1,11] = 1.0
n[259,0,13] = 1.0
n[261,1,2] = 1.0
n[270,1,1] = 1.0
n[272,1,4] = 1.0
n[273,0,10] = 1.0
n[281,1,0] = 1.0
n[282,1,0] = 1.0
n[284,1,15] = 1.0
n[289,0,9] = 1.0
n[289,1,1] = 1.0
n[289,1,7] = 2.0
n[290,0,9] = 1.0
n[290,0,13] = 1.0
n[290,1,1] = 1.0
u[1,0,1,13] = 1.0
u[1,1,0,8] = 2.0
u[4,0,1,14] = 1.0
u[4,1,0,10] = 1.0
u[5,0,1,4] = 1.0
u[6,1,0,4] = 1.0
u[7,0,1,6] = 1.0
u[8,1,0,12] = 1.0
u[9,0,1,14] = 1.0
u[10,0,1,8] = 1.0
u[11,0,1,6] = 1.0
u[11,1,0,10] = 1.0
u[13,0,1,6] = 1.0
u[16,1,0,20] = 1.0
u[19,0,1,18] = 1.0
u[19,1,0,12] = 1.0
u[22,0,1,9] = 1.0
u[31,1,0,28] = 1.0
u[34,1,0,29] = 1.0
u[38,0,1,28] = 1.0
u[39,1,0,31] = 1.0
u[42,1,0,31] = 1.0
u[45,0,1,27] = 1.0
u[45,1,0,29] = 1.0
u[46,0,1,30] = 1.0
u[49,1,0,25] = 1.0
u[52,0,1,29] = 1.0
u[54,1,0,30] = 1.0
u[56,0,1,26] = 1.0
u[56,1,0,32] = 1.0
u[57,1,0,28] = 1.0
u[58,0,1,28] = 1.0
u[58,0,1,29] = 1.0
u[59,0,1,24] = 1.0
u[60,0,1,32] = 1.0
u[60,1,0,25] = 1.0
u[62,0,1,21] = 1.0
u[62,1,0,28] = 1.0
u[64,1,0,17] = 1.0
u[65,1,0,29] = 1.0
u[66,0,1,13] = 1.0
u[66,1,0,27] = 1.0
u[67,0,1,25] = 1.0
u[68,0,1,23] = 1.0
u[68,0,1,27] = 1.0
u[68,1,0,9] = 1.0
u[68,1,0,29] = 1.0
u[69,1,0,21] = 1.0
u[70,0,1,5] = 1.0
u[70,0,1,25] = 1.0
u[71,0,1,17] = 1.0
u[71,1,0,24] = 1.0
u[73,0,1,20] = 1.0
u[73,1,0,13] = 1.0
u[73,1,0,25] = 1.0
u[75,1,0,13] = 1.0
u[76,0,1,13] = 1.0
u[77,0,1,9] = 1.0
u[77,1,0,19] = 1.0
u[77,1,0,28] = 1.0
u[78,0,1,26] = 1.0
u[78,1,0,9] = 1.0
u[79,0,1,15] = 1.0
u[80,0,1,5] = 1.0
u[80,1,0,22] = 1.0
u[82,0,1,26] = 1.0
u[83,1,0,16] = 1.0
u[84,0,1,21] = 1.0
u[85,1,0,14] = 1.0
u[86,0,1,14] = 1.0
u[86,1,0,25] = 1.0
u[88,0,1,14] = 1.0
u[88,1,0,10] = 1.0
u[88,1,0,27] = 1.0
u[89,0,1,23] = 1.0
u[89,1,0,23] = 1.0
u[90,0,1,6] = 1.0
u[91,1,0,14] = 1.0
u[91,1,0,19] = 1.0
u[92,0,1,21] = 1.0
u[93,0,1,27] = 1.0
u[93,1,0,6] = 1.0
u[94,0,1,17] = 1.0
u[94,1,0,17] = 1.0
u[95,0,1,16] = 1.0
u[96,0,1,13] = 1.0
u[96,1,0,13] = 1.0
u[97,0,1,8] = 1.0
u[97,1,0,26] = 1.0
u[99,0,1,22] = 1.0
u[99,1,0,16] = 1.0
u[100,0,1,16] = 1.0
u[100,1,0,8] = 1.0
u[100,1,0,16] = 1.0
u[101,0,1,12] = 1.0
u[101,1,0,18] = 1.0
u[102,0,1,12] = 1.0
u[103,0,1,14] = 1.0
u[103,1,0,8] = 1.0
u[104,0,1,13] = 1.0
u[105,0,1,4] = 1.0
u[105,1,0,10] = 1.0
u[105,1,0,21] = 1.0
u[107,0,1,6] = 1.0
u[107,0,1,17] = 1.0
u[107,1,0,11] = 1.0
u[107,1,0,19] = 1.0
u[109,0,1,7] = 1.0
u[109,1,0,10] = 1.0
u[109,1,0,13] = 1.0
u[110,0,1,17] = 1.0
u[110,1,0,7] = 1.0
u[111,0,1,6] = 1.0
u[112,0,1,9] = 1.0
u[112,1,0,13] = 1.0
u[113,1,0,12] = 1.0
u[114,0,1,9] = 1.0
u[114,1,0,5] = 1.0
u[114,1,0,7] = 1.0
u[115,0,1,8] = 1.0
u[115,0,1,16] = 1.0
u[117,0,1,6] = 1.0
u[117,0,1,8] = 1.0
u[117,1,0,4] = 1.0
u[117,1,0,9] = 1.0
u[117,1,0,12] = 1.0
u[119,0,1,5] = 1.0
u[119,0,1,8] = 1.0
u[119,1,0,4] = 1.0
u[120,0,1,4] = 1.0
u[120,1,0,5] = 1.0
u[121,1,0,4] = 1.0
u[122,0,1,5] = 1.0
u[122,1,0,4] = 1.0
u[123,1,0,4] = 1.0
u[124,0,1,8] = 1.0
u[125,0,1,7] = 1.0
u[125,1,0,6] = 1.0
u[126,0,1,8] = 1.0
u[127,0,1,10] = 1.0
u[127,1,0,7] = 1.0
u[128,1,0,4] = 1.0
u[129,0,1,6] = 1.0
u[129,1,0,6] = 1.0
u[131,0,1,9] = 1.0
u[131,1,0,19] = 1.0
u[132,1,0,7] = 1.0
u[133,0,1,13] = 1.0
u[134,1,0,6] = 1.0
u[135,0,1,8] = 1.0
u[135,1,0,9] = 1.0
u[136,0,1,17] = 1.0
u[137,0,1,5] = 2.0
u[137,1,0,4] = 1.0
u[139,1,0,16] = 1.0
u[140,0,1,27] = 1.0
u[141,1,0,9] = 1.0
u[142,0,1,12] = 1.0
u[143,0,1,16] = 1.0
u[143,1,0,23] = 1.0
u[144,1,0,8] = 1.0
u[145,0,1,19] = 1.0
u[145,1,0,21] = 1.0
u[147,0,1,13] = 1.0
u[147,1,0,15] = 2.0
u[148,0,1,10] = 1.0
u[149,0,1,21] = 1.0
u[150,1,0,6] = 1.0
u[151,1,0,17] = 1.0
u[152,0,1,15] = 1.0
u[153,0,1,15] = 1.0
u[154,1,0,11] = 1.0
u[156,0,1,7] = 1.0
u[157,1,0,27] = 1.0
u[158,0,1,19] = 1.0
u[158,1,0,19] = 1.0
u[161,0,1,15] = 1.0
u[161,1,0,17] = 1.0
u[162,0,1,28] = 1.0
u[163,1,0,11] = 1.0
u[164,1,0,24] = 1.0
u[165,0,1,7] = 1.0
u[165,1,0,16] = 1.0
u[166,0,1,20] = 1.0
u[168,0,1,23] = 1.0
u[168,1,0,8] = 1.0
u[168,1,0,16] = 1.0
u[170,1,0,19] = 1.0
u[172,0,1,24] = 1.0
u[173,0,1,16] = 1.0
u[174,1,0,20] = 1.0
u[175,0,1,22] = 1.0
u[175,1,0,12] = 1.0
u[176,0,1,16] = 1.0
u[176,0,1,19] = 1.0
u[177,1,0,18] = 1.0
u[179,0,1,13] = 1.0
u[180,1,0,16] = 1.0
u[181,0,1,32] = 1.0
u[183,1,0,24] = 1.0
u[184,0,1,25] = 1.0
u[185,1,0,20] = 1.0
u[186,0,1,20] = 1.0
u[188,0,1,18] = 1.0
u[188,1,0,16] = 1.0
u[190,0,1,27] = 1.0
u[190,1,0,27] = 1.0
u[192,0,1,12] = 1.0
u[192,0,1,23] = 1.0
u[192,1,0,23] = 1.0
u[192,1,0,31] = 1.0
u[193,1,0,22] = 1.0
u[195,0,1,18] = 1.0
u[195,1,0,20] = 1.0
u[197,0,1,16] = 1.0
u[197,1,0,14] = 2.0
u[198,0,1,29] = 1.0
u[199,0,1,10] = 2.0
u[199,1,0,12] = 1.0
u[200,0,1,27] = 1.0
u[201,0,1,8] = 1.0
u[201,1,0,6] = 2.0
u[202,1,0,23] = 1.0
u[204,0,1,6] = 1.0
u[204,0,1,7] = 1.0
u[204,1,0,8] = 1.0
u[205,0,1,19] = 1.0
u[205,1,0,29] = 1.0
u[207,0,1,8] = 1.0
u[207,1,0,5] = 1.0
u[207,1,0,15] = 1.0
u[209,0,1,11] = 1.0
u[209,1,0,4] = 1.0
u[210,1,0,14] = 1.0
u[211,0,1,10] = 1.0
u[211,1,0,7] = 1.0
u[212,0,1,10] = 1.0
u[213,0,1,30] = 1.0
u[213,1,0,6] = 1.0
u[215,0,1,16] = 1.0
u[215,1,0,26] = 1.0
u[216,1,0,6] = 1.0
u[217,0,1,22] = 1.0
u[217,1,0,12] = 1.0
u[218,0,1,15] = 1.0
u[219,1,0,18] = 1.0
u[220,0,1,24] = 1.0
u[220,1,0,11] = 1.0
u[222,0,1,7] = 1.0
u[223,0,1,20] = 2.0
u[223,1,0,20] = 1.0
u[225,0,1,16] = 1.0
u[225,1,0,16] = 2.0
u[226,0,1,26] = 1.0
u[226,1,0,12] = 1.0
u[227,0,1,12] = 1.0
u[228,1,0,22] = 1.0
u[229,0,1,16] = 1.0
u[229,1,0,8] = 1.0
u[230,0,1,18] = 1.0
u[230,1,0,19] = 1.0
u[231,0,1,17] = 1.0
u[231,1,0,12] = 1.0
u[232,0,1,9] = 1.0
u[232,1,0,14] = 1.0
u[233,0,1,8] = 1.0
u[233,0,1,15] = 1.0
u[233,1,0,13] = 1.0
u[235,0,1,10] = 1.0
u[235,1,0,11] = 1.0
u[236,0,1,9] = 1.0
u[236,1,0,5] = 1.0
u[236,1,0,13] = 1.0
u[237,0,1,7] = 1.0
u[238,0,1,9] = 1.0
u[238,1,0,5] = 1.0
u[239,0,1,5] = 1.0
u[240,1,0,5] = 1.0
u[243,0,1,4] = 1.0
u[243,1,0,19] = 1.0
u[245,0,1,15] = 1.0
u[245,1,0,18] = 1.0
u[246,1,0,19] = 1.0
u[248,0,1,15] = 1.0
u[248,1,0,11] = 1.0
u[250,0,1,22] = 1.0
u[250,0,1,28] = 1.0
u[250,1,0,11] = 1.0
u[251,0,1,8] = 1.0
u[252,0,1,7] = 1.0
u[252,1,0,24] = 1.0
u[253,1,0,4] = 1.0
u[253,1,0,18] = 1.0
u[254,0,1,20] = 1.0
u[255,1,0,5] = 1.0
u[256,0,1,15] = 1.0
u[256,1,0,16] = 1.0
u[257,1,0,17] = 1.0
u[258,0,1,10] = 1.0
u[258,0,1,12] = 1.0
u[259,0,1,6] = 1.0
u[259,1,0,11] = 1.0
u[260,0,1,13] = 1.0
u[260,1,0,6] = 1.0
u[260,1,0,8] = 1.0
u[261,0,1,7] = 1.0
u[262,1,0,9] = 1.0
u[263,0,1,6] = 1.0
u[264,0,1,12] = 1.0
u[264,1,0,6] = 1.0
u[264,1,0,10] = 1.0
u[266,0,1,13] = 1.0
u[267,0,1,4] = 1.0
u[267,1,0,11] = 2.0
u[268,0,1,14] = 1.0
u[268,1,0,9] = 1.0
u[269,0,1,7] = 2.0
u[271,0,1,7] = 1.0
u[271,1,0,14] = 1.0
u[272,1,0,5] = 1.0
u[273,1,0,12] = 1.0
u[274,0,1,10] = 1.0
u[275,0,1,4] = 1.0
u[275,1,0,9] = 1.0
u[276,1,0,6] = 1.0
u[277,0,1,15] = 1.0
u[278,1,0,19] = 1.0
u[279,0,1,4] = 1.0
u[280,1,0,12] = 1.0
u[281,0,1,16] = 1.0
u[283,0,1,19] = 1.0
u[283,1,0,21] = 1.0
u[284,0,1,15] = 1.0
u[285,0,1,17] = 1.0
u[285,1,0,9] = 1.0
u[285,1,0,15] = 2.0
u[287,0,1,5] = 1.0
u[287,0,1,11] = 2.0
u[287,1,0,13] = 1.0
u[288,1,0,17] = 1.0
c[0,1,7,8] = 2.0
c[1,0,9,10] = 1.0
c[2,0,10,11] = 1.0
c[3,0,11,14] = 1.0
c[3,1,1,2] = 1.0
c[3,1,9,10] = 1.0
c[4,0,4,6] = 1.0
c[4,1,2,4] = 1.0
c[5,0,6,8] = 1.0
c[6,0,8,10] = 1.0
c[6,1,10,11] = 1.0
c[7,1,11,12] = 1.0
c[8,0,0,6] = 1.0
c[8,0,10,14] = 1.0
c[9,1,0,4] = 1.0
c[9,1,2,8] = 1.0
c[10,1,4,5] = 1.0
c[11,1,5,6] = 1.0
c[12,1,4,10] = 1.0
c[12,1,6,7] = 1.0
c[12,1,8,12] = 1.0
c[13,1,7,10] = 1.0
c[13,1,12,20] = 1.0
c[15,1,2,3] = 1.0
c[15,1,2,11] = 1.0
c[15,1,10,11] = 2.0
c[18,0,16,18] = 1.0
c[18,1,11,12] = 3.0
c[19,1,3,5] = 1.0
c[19,1,12,13] = 2.0
c[20,1,5,7] = 1.0
c[20,1,13,14] = 2.0
c[21,0,8,9] = 1.0
c[21,1,7,10] = 1.0
c[21,1,14,15] = 3.0
c[22,1,10,18] = 1.0
c[23,1,15,18] = 3.0
c[24,1,5,15] = 1.0
c[24,1,18,28] = 3.0
c[25,1,18,28] = 1.0
c[27,1,15,19] = 1.0
c[29,1,19,26] = 1.0
c[31,1,28,29] = 2.0
c[32,1,28,31] = 1.0
c[33,0,24,28] = 1.0
c[33,1,26,31] = 1.0
c[36,0,25,29] = 1.0
c[37,1,29,30] = 1.0
c[40,1,24,29] = 1.0
c[40,1,30,31] = 1.0
c[41,0,27,30] = 1.0
c[42,0,29,31] = 1.0
c[44,1,31,32] = 1.0
c[47,0,25,29] = 1.0
c[47,1,23,25] = 1.0
c[48,0,31,32] = 1.0
c[48,1,26,30] = 1.0
c[51,0,21,29] = 1.0
c[54,1,25,28] = 1.0
c[58,1,22,26] = 1.0
c[61,1,20,29] = 1.0
c[61,1,26,28] = 1.0
c[62,1,24,26] = 1.0
c[63,1,28,29] = 1.0
c[64,0,24,27] = 1.0
c[65,1,26,27] = 1.0
c[70,1,19,25] = 1.0
c[70,1,23,24] = 1.0
c[72,1,1,13] = 1.0
c[72,1,21,28] = 1.0
c[75,0,9,13] = 1.0
c[75,0,21,26] = 1.0
c[75,1,16,19] = 1.0
c[79,1,5,26] = 1.0
c[80,0,24,25] = 1.0
c[81,0,25,26] = 1.0
c[81,1,11,16] = 1.0
c[82,0,18,21] = 1.0
c[82,1,1,14] = 1.0
c[84,1,22,25] = 1.0
c[85,0,12,14] = 1.0
c[86,1,17,23] = 1.0
c[87,0,10,14] = 1.0
c[87,1,26,27] = 1.0
c[88,0,21,23] = 1.0
c[90,0,23,27] = 1.0
c[90,1,10,14] = 1.0
c[91,0,19,21] = 1.0
c[92,1,2,6] = 1.0
c[93,0,10,16] = 1.0
c[93,0,15,17] = 1.0
c[95,0,2,3] = 1.0
c[95,1,23,26] = 1.0
c[96,0,3,8] = 1.0
c[97,1,12,16] = 1.0
c[98,0,9,16] = 1.0
c[98,1,9,16] = 1.0
c[99,1,4,8] = 1.0
c[102,0,4,13] = 1.0
c[102,1,12,21] = 1.0
c[104,1,8,19] = 1.0
c[106,1,9,11] = 1.0
c[107,1,0,10] = 1.0
c[109,0,15,17] = 1.0
c[109,1,2,7] = 1.0
c[111,1,3,12] = 1.0
c[112,0,3,16] = 1.0
c[113,1,2,7] = 1.0
c[116,0,1,6] = 1.0
c[116,0,3,8] = 1.0
c[116,1,5,9] = 1.0
c[119,0,0,4] = 1.0
c[119,1,2,5] = 1.0
c[121,0,0,5] = 1.0
c[121,1,1,4] = 1.0
c[122,0,1,8] = 1.0
c[122,1,0,4] = 1.0
c[123,0,0,7] = 1.0
c[124,0,0,8] = 1.0
c[124,1,1,6] = 1.0
c[125,0,0,10] = 1.0
c[126,1,4,7] = 1.0
c[127,1,3,19] = 1.0
c[128,0,2,6] = 1.0
c[129,0,3,9] = 1.0
c[130,0,0,9] = 1.0
c[131,0,2,6] = 1.0
c[131,1,2,7] = 1.0
c[132,0,6,8] = 1.0
c[132,0,9,13] = 1.0
c[133,0,8,17] = 1.0
c[133,0,15,24] = 1.0
c[133,1,5,6] = 1.0
c[134,0,3,8] = 1.0
c[136,0,2,5] = 1.0
c[137,0,24,27] = 1.0
c[138,1,13,16] = 1.0
c[139,0,0,16] = 1.0
c[139,1,1,9] = 2.0
c[141,1,9,21] = 1.0
c[143,0,5,10] = 1.0
c[144,0,10,12] = 1.0
c[145,0,12,13] = 1.0
c[145,1,12,15] = 1.0
c[146,0,4,10] = 1.0
c[147,0,17,21] = 1.0
c[149,0,11,15] = 2.0
c[149,1,9,27] = 1.0
c[152,0,2,12] = 1.0
c[153,0,13,17] = 1.0
c[155,0,12,19] = 1.0
c[155,0,17,28] = 1.0
c[155,1,11,13] = 1.0
c[156,1,13,19] = 1.0
c[159,0,23,32] = 1.0
c[160,1,3,13] = 1.0
c[160,1,15,17] = 1.0
c[163,0,13,15] = 1.0
c[164,0,15,21] = 1.0
c[164,1,13,16] = 1.0
c[167,0,12,24] = 1.0
c[167,0,21,23] = 1.0
c[167,1,3,8] = 1.0
c[170,0,12,16] = 1.0
c[171,0,4,11] = 1.0
c[172,0,15,17] = 1.0
c[173,0,11,19] = 1.0
c[173,0,17,22] = 1.0
c[177,0,8,13] = 1.0
c[178,1,12,16] = 1.0
c[178,1,15,21] = 1.0
c[179,0,14,25] = 1.0
c[181,1,9,20] = 1.0
c[181,1,21,24] = 1.0
c[182,0,12,16] = 1.0
c[183,1,28,29] = 1.0
c[184,0,16,27] = 1.0
c[185,1,29,30] = 1.0
c[186,1,21,27] = 1.0
c[187,0,16,18] = 1.0
c[188,1,30,31] = 1.0
c[190,1,14,22] = 1.0
c[194,0,19,22] = 1.0
c[194,0,27,28] = 1.0
c[194,1,8,9] = 1.0
c[194,1,19,20] = 1.0
c[195,1,9,14] = 1.0
c[196,0,22,27] = 1.0
c[196,0,28,29] = 1.0
c[200,1,25,29] = 1.0
c[203,0,2,6] = 1.0
c[203,0,2,7] = 1.0
c[203,1,4,8] = 1.0
c[206,0,4,8] = 1.0
c[206,1,3,5] = 1.0
c[207,0,25,30] = 1.0
c[207,1,2,14] = 1.0
c[209,0,1,10] = 1.0
c[211,0,0,13] = 1.0
c[213,0,3,24] = 1.0
c[214,0,13,16] = 1.0
c[215,0,2,15] = 1.0
c[218,0,2,6] = 1.0
c[219,0,6,20] = 1.0
c[219,0,8,16] = 1.0
c[221,0,14,20] = 1.0
c[221,0,16,21] = 1.0
c[223,0,21,26] = 1.0
c[224,1,3,12] = 1.0
c[227,0,12,16] = 1.0
c[227,1,12,14] = 1.0
c[228,0,8,17] = 1.0
c[228,1,14,19] = 1.0
c[231,0,4,9] = 1.0
c[234,1,5,13] = 1.0
c[235,1,4,5] = 1.0
c[237,1,6,16] = 1.0
c[238,0,1,5] = 1.0
c[239,1,3,10] = 1.0
c[240,0,1,28] = 1.0
c[241,1,1,18] = 1.0
c[241,1,10,12] = 1.0
c[241,1,16,19] = 1.0
c[242,0,1,4] = 1.0
c[243,1,12,19] = 1.0
c[247,0,14,22] = 1.0
c[250,0,7,8] = 1.0
c[252,1,0,10] = 1.0
c[254,1,3,5] = 1.0
c[254,1,10,12] = 1.0
c[255,0,0,5] = 1.0
c[255,0,14,15] = 1.0
c[255,1,12,14] = 1.0
c[256,0,5,6] = 1.0
c[256,1,14,17] = 1.0
c[257,0,1,5] = 1.0
c[257,0,6,10] = 1.0
c[258,0,5,6] = 1.0
c[262,0,2,12] = 1.0
c[262,0,4,6] = 1.0
c[262,1,2,10] = 1.0
c[263,1,3,6] = 1.0
c[264,0,5,9] = 1.0
c[265,0,9,13] = 1.0
c[265,1,2,11] = 1.0
c[266,0,2,4] = 1.0
c[266,0,6,14] = 1.0
c[266,1,8,11] = 1.0
c[269,1,0,1] = 1.0
c[270,0,5,7] = 1.0
c[270,1,10,14] = 1.0
c[271,1,1,5] = 1.0
c[271,1,3,4] = 1.0
c[271,1,3,12] = 1.0
c[273,1,3,9] = 1.0
c[273,1,4,11] = 1.0
c[274,0,1,4] = 1.0
c[275,0,8,15] = 1.0
c[275,1,11,19] = 1.0
c[277,0,5,15] = 1.0
c[277,1,0,12] = 1.0
c[278,0,2,4] = 1.0
c[279,1,11,17] = 1.0
c[280,0,15,16] = 2.0
c[281,0,16,19] = 1.0
c[281,1,17,19] = 1.0
c[282,0,8,15] = 1.0
c[282,1,19,21] = 1.0
c[283,1,0,9] = 1.0
c[283,1,12,15] = 1.0
c[286,1,11,17] = 1.0
c[290,1,7,8] = 2.0
s[108,1,0] = 4.0
s[115,1,0] = 4.0
s[118,1,0] = 8.0
