results
n[0,0,3] = 1.0
n[0,0,19] = 2.0
n[0,1,24] = 1.0
n[1,1,1] = 1.0
n[3,1,4] = 1.0
n[3,1,15] = 1.0
n[4,1,0] = 1.0
n[4,1,4] = 1.0
n[5,1,4] = 1.0
n[6,1,1] = 1.0
n[7,0,13] = 1.0
n[7,1,1] = 1.0
n[7,1,7] = 1.0
n[8,1,20] = 1.0
n[9,1,2] = 1.0
n[10,1,2] = 1.0
n[10,1,21] = 1.0
n[11,1,2] = 1.0
n[11,1,21] = 1.0
n[12,1,0] = 1.0
n[13,1,0] = 2.0
n[14,1,0] = 2.0
n[14,1,8] = 1.0
n[15,1,0] = 2.0
n[15,1,8] = 1.0
n[16,0,20] = 1.0
n[16,1,0] = 2.0
n[16,1,3] = 1.0
n[16,1,8] = 1.0
n[17,1,0] = 2.0
n[17,1,8] = 1.0
n[18,1,0] = 2.0
n[18,1,5] = 1.0
n[18,1,8] = 1.0
n[19,1,5] = 1.0
n[19,1,8] = 1.0
n[19,1,16] = 1.0
n[20,1,1] = 1.0
n[20,1,5] = 1.0
n[20,1,16] = 1.0
n[21,1,5] = 1.0
n[22,1,2] = 1.0
n[22,1,5] = 1.0
n[23,0,12] = 1.0
n[23,1,2] = 1.0
n[23,1,5] = 1.0
n[24,1,15] = 2.0
n[25,1,6] = 1.0
n[26,1,6] = 1.0
n[31,1,16] = 2.0
n[32,0,18] = 2.0
n[33,0,18] = 1.0
n[34,0,18] = 1.0
n[35,0,18] = 1.0
n[37,1,25] = 2.0
n[37,1,26] = 1.0
n[38,1,25] = 2.0
n[38,1,26] = 1.0
n[39,1,25] = 2.0
n[41,0,26] = 1.0
n[42,1,27] = 2.0
n[43,0,24] = 1.0
n[44,0,24] = 1.0
n[44,1,22] = 1.0
n[45,1,28] = 1.0
n[47,1,24] = 1.0
n[50,1,30] = 1.0
n[51,1,30] = 1.0
n[54,0,26] = 1.0
n[54,1,28] = 1.0
n[55,1,28] = 1.0
n[64,0,27] = 1.0
n[70,1,30] = 1.0
n[75,1,27] = 1.0
n[129,0,14] = 1.0
n[130,0,14] = 1.0
n[144,0,8] = 1.0
n[178,1,18] = 1.0
n[198,0,18] = 1.0
n[274,0,1] = 1.0
n[275,0,1] = 2.0
n[276,0,1] = 1.0
n[285,0,2] = 1.0
n[287,0,4] = 1.0
n[290,0,3] = 1.0
n[290,0,19] = 2.0
n[290,1,24] = 1.0
u[1,0,1,19] = 2.0
u[1,1,0,24] = 1.0
u[2,0,1,4] = 1.0
u[3,0,1,20] = 1.0
u[3,1,0,15] = 1.0
u[5,0,1,11] = 1.0
u[5,1,0,17] = 1.0
u[8,0,1,13] = 1.0
u[8,1,0,8] = 1.0
u[9,1,0,8] = 1.0
u[10,0,1,4] = 1.0
u[11,0,1,4] = 1.0
u[11,1,0,10] = 1.0
u[12,1,0,21] = 1.0
u[14,0,1,7] = 1.0
u[17,0,1,20] = 1.0
u[21,1,0,16] = 1.0
u[24,0,1,12] = 1.0
u[29,1,0,20] = 2.0
u[34,0,1,19] = 1.0
u[41,1,0,28] = 1.0
u[42,0,1,26] = 1.0
u[43,1,0,27] = 1.0
u[45,0,1,24] = 1.0
u[47,1,0,30] = 1.0
u[48,0,1,27] = 1.0
u[48,1,0,24] = 1.0
u[49,0,1,26] = 1.0
u[50,0,1,20] = 1.0
u[52,1,0,30] = 1.0
u[55,0,1,26] = 1.0
u[56,1,0,25] = 1.0
u[58,0,1,21] = 1.0
u[59,1,0,31] = 1.0
u[60,1,0,30] = 1.0
u[61,0,1,27] = 1.0
u[62,0,1,26] = 1.0
u[62,1,0,31] = 1.0
u[65,0,1,27] = 1.0
u[66,1,0,27] = 1.0
u[68,0,1,23] = 1.0
u[68,1,0,27] = 1.0
u[68,1,0,31] = 1.0
u[70,0,1,27] = 1.0
u[71,0,1,24] = 1.0
u[71,1,0,28] = 1.0
u[73,0,1,24] = 1.0
u[73,1,0,20] = 1.0
u[74,1,0,26] = 1.0
u[75,0,1,16] = 1.0
u[75,1,0,31] = 1.0
u[76,0,1,22] = 1.0
u[76,1,0,27] = 1.0
u[77,0,1,27] = 1.0
u[77,1,0,24] = 1.0
u[78,0,1,23] = 1.0
u[79,1,0,23] = 1.0
u[80,0,1,22] = 1.0
u[80,1,0,19] = 1.0
u[81,0,1,19] = 1.0
u[81,1,0,23] = 1.0
u[82,0,1,15] = 1.0
u[83,0,1,19] = 1.0
u[83,1,0,27] = 1.0
u[84,1,0,18] = 1.0
u[85,0,1,23] = 1.0
u[86,0,1,14] = 1.0
u[86,1,0,18] = 1.0
u[87,1,0,27] = 1.0
u[88,0,1,14] = 1.0
u[89,0,1,23] = 1.0
u[89,1,0,23] = 1.0
u[91,0,1,19] = 1.0
u[91,1,0,14] = 1.0
u[91,1,0,27] = 1.0
u[92,1,0,22] = 1.0
u[93,0,1,10] = 1.0
u[93,0,1,23] = 1.0
u[93,1,0,23] = 1.0
u[94,0,1,18] = 1.0
u[94,1,0,18] = 1.0
u[95,0,1,19] = 1.0
u[96,1,0,21] = 1.0
u[97,0,1,17] = 1.0
u[98,0,1,17] = 1.0
u[98,1,0,18] = 1.0
u[98,1,0,20] = 1.0
u[100,0,1,14] = 1.0
u[100,0,1,16] = 1.0
u[100,1,0,13] = 1.0
u[100,1,0,16] = 1.0
u[102,0,1,9] = 1.0
u[102,0,1,12] = 1.0
u[102,1,0,12] = 1.0
u[103,1,0,26] = 1.0
u[104,0,1,8] = 1.0
u[104,1,0,8] = 1.0
u[105,0,1,22] = 1.0
u[106,1,0,22] = 1.0
u[107,0,1,9] = 1.0
u[108,0,1,18] = 1.0
u[108,1,0,20] = 1.0
u[110,0,1,16] = 1.0
u[110,1,0,24] = 1.0
u[111,1,0,22] = 1.0
u[112,0,1,20] = 1.0
u[113,0,1,18] = 1.0
u[113,1,0,22] = 1.0
u[115,0,1,18] = 1.0
u[115,1,0,21] = 1.0
u[116,1,0,25] = 1.0
u[117,0,1,17] = 1.0
u[118,1,0,25] = 1.0
u[119,0,1,23] = 1.0
u[119,1,0,24] = 1.0
u[120,0,1,21] = 1.0
u[120,1,0,22] = 1.0
u[121,0,1,20] = 1.0
u[121,1,0,19] = 1.0
u[122,0,1,18] = 1.0
u[122,1,0,17] = 1.0
u[123,0,1,15] = 1.0
u[124,1,0,14] = 1.0
u[124,1,0,18] = 1.0
u[125,0,1,15] = 1.0
u[126,1,0,27] = 1.0
u[127,0,1,13] = 1.0
u[127,1,0,18] = 1.0
u[129,0,1,22] = 1.0
u[129,1,0,18] = 1.0
u[130,1,0,13] = 1.0
u[131,0,1,14] = 2.0
u[131,0,1,27] = 1.0
u[132,0,1,9] = 1.0
u[132,1,0,20] = 1.0
u[133,1,0,10] = 1.0
u[133,1,0,23] = 1.0
u[134,0,1,16] = 1.0
u[134,1,0,14] = 1.0
u[135,0,1,6] = 1.0
u[135,1,0,10] = 1.0
u[136,1,0,12] = 1.0
u[138,0,1,25] = 1.0
u[138,1,0,7] = 1.0
u[139,0,1,12] = 1.0
u[140,1,0,21] = 1.0
u[141,0,1,24] = 1.0
u[142,1,0,12] = 1.0
u[144,0,1,22] = 1.0
u[144,1,0,21] = 1.0
u[145,0,1,27] = 1.0
u[146,0,1,17] = 1.0
u[146,1,0,18] = 1.0
u[147,0,1,25] = 1.0
u[147,1,0,23] = 1.0
u[148,1,0,13] = 1.0
u[149,0,1,19] = 1.0
u[150,0,1,9] = 1.0
u[150,1,0,23] = 1.0
u[151,1,0,15] = 1.0
u[152,0,1,19] = 1.0
u[152,0,1,24] = 1.0
u[152,1,0,5] = 1.0
u[154,0,1,28] = 1.0
u[154,1,0,20] = 1.0
u[155,0,1,18] = 1.0
u[155,1,0,18] = 1.0
u[156,1,0,24] = 1.0
u[157,0,1,14] = 1.0
u[157,0,1,15] = 1.0
u[157,1,0,14] = 1.0
u[159,0,1,10] = 1.0
u[159,1,0,11] = 1.0
u[160,0,1,25] = 1.0
u[161,1,0,6] = 1.0
u[162,1,0,20] = 1.0
u[162,1,0,21] = 1.0
u[163,0,1,15] = 1.0
u[163,0,1,27] = 1.0
u[164,0,1,16] = 1.0
u[165,1,0,11] = 1.0
u[165,1,0,23] = 1.0
u[166,0,1,22] = 1.0
u[166,1,0,12] = 1.0
u[168,0,1,21] = 1.0
u[169,1,0,20] = 1.0
u[170,0,1,25] = 1.0
u[171,0,1,16] = 1.0
u[171,1,0,19] = 1.0
u[172,0,1,23] = 1.0
u[172,1,0,21] = 1.0
u[173,1,0,12] = 1.0
u[174,0,1,25] = 1.0
u[174,1,0,19] = 1.0
u[176,0,1,22] = 1.0
u[177,0,1,16] = 1.0
u[177,1,0,23] = 1.0
u[179,0,1,19] = 1.0
u[179,0,1,27] = 1.0
u[179,1,0,12] = 1.0
u[179,1,0,18] = 1.0
u[181,1,0,23] = 1.0
u[182,0,1,17] = 1.0
u[182,1,0,18] = 1.0
u[183,0,1,28] = 1.0
u[184,0,1,14] = 1.0
u[184,1,0,13] = 1.0
u[185,0,1,21] = 1.0
u[185,1,0,24] = 1.0
u[186,0,1,25] = 1.0
u[186,1,0,10] = 1.0
u[190,0,1,13] = 1.0
u[190,1,0,23] = 1.0
u[191,1,0,26] = 1.0
u[192,0,1,25] = 1.0
u[194,0,1,29] = 1.0
u[194,1,0,21] = 1.0
u[195,0,1,25] = 1.0
u[195,1,0,19] = 1.0
u[196,0,1,17] = 1.0
u[196,1,0,25] = 1.0
u[198,1,0,23] = 1.0
u[199,0,1,29] = 1.0
u[200,0,1,19] = 1.0
u[200,1,0,19] = 1.0
u[201,1,0,25] = 1.0
u[202,1,0,15] = 1.0
u[203,0,1,28] = 1.0
u[204,0,1,26] = 1.0
u[206,0,1,24] = 1.0
u[206,1,0,25] = 1.0
u[208,0,1,28] = 1.0
u[209,0,1,23] = 1.0
u[209,1,0,21] = 1.0
u[210,1,0,24] = 1.0
u[211,0,1,27] = 1.0
u[211,1,0,19] = 1.0
u[212,1,0,29] = 1.0
u[213,0,1,22] = 1.0
u[214,0,1,24] = 1.0
u[214,1,0,24] = 1.0
u[215,0,1,20] = 1.0
u[215,0,1,26] = 1.0
u[215,1,0,18] = 1.0
u[216,0,1,20] = 1.0
u[216,1,0,20] = 1.0
u[217,0,1,14] = 1.0
u[217,1,0,16] = 1.0
u[217,1,0,22] = 1.0
u[218,1,0,16] = 1.0
u[219,0,1,18] = 1.0
u[220,1,0,14] = 1.0
u[221,1,0,14] = 1.0
u[222,0,1,25] = 1.0
u[223,0,1,23] = 1.0
u[224,0,1,17] = 1.0
u[224,1,0,21] = 1.0
u[225,0,1,24] = 1.0
u[225,1,0,19] = 1.0
u[226,1,0,13] = 1.0
u[227,0,1,15] = 1.0
u[227,0,1,22] = 1.0
u[227,1,0,20] = 1.0
u[228,0,1,9] = 1.0
u[228,0,1,22] = 1.0
u[229,0,1,16] = 1.0
u[229,1,0,11] = 1.0
u[229,1,0,18] = 1.0
u[230,1,0,5] = 1.0
u[230,1,0,18] = 1.0
u[231,0,1,7] = 1.0
u[231,1,0,12] = 1.0
u[233,0,1,20] = 1.0
u[234,0,1,20] = 1.0
u[234,1,0,8] = 1.0
u[235,0,1,16] = 1.0
u[235,1,0,16] = 1.0
u[236,0,1,16] = 1.0
u[236,1,0,16] = 1.0
u[237,0,1,9] = 1.0
u[237,0,1,12] = 1.0
u[237,1,0,12] = 1.0
u[238,0,1,12] = 1.0
u[238,1,0,12] = 1.0
u[239,0,1,8] = 1.0
u[239,1,0,8] = 1.0
u[240,0,1,8] = 1.0
u[240,1,0,8] = 1.0
u[240,1,0,10] = 1.0
u[241,0,1,4] = 1.0
u[241,1,0,4] = 1.0
u[242,0,1,4] = 1.0
u[242,0,1,6] = 1.0
u[243,1,0,9] = 1.0
u[244,0,1,5] = 1.0
u[244,1,0,5] = 1.0
u[245,0,1,5] = 1.0
u[245,1,0,5] = 1.0
u[246,1,0,12] = 1.0
u[247,1,0,6] = 1.0
u[248,0,1,11] = 1.0
u[248,1,0,6] = 1.0
u[249,0,1,11] = 1.0
u[250,0,1,14] = 1.0
u[250,1,0,7] = 1.0
u[251,0,1,12] = 1.0
u[251,1,0,7] = 1.0
u[252,0,1,12] = 1.0
u[252,1,0,10] = 1.0
u[253,0,1,8] = 1.0
u[253,1,0,8] = 1.0
u[254,0,1,6] = 1.0
u[254,0,1,8] = 1.0
u[254,1,0,8] = 1.0
u[255,0,1,4] = 1.0
u[255,1,0,4] = 1.0
u[256,0,1,4] = 1.0
u[257,1,0,9] = 1.0
u[258,0,1,5] = 1.0
u[258,1,0,5] = 1.0
u[259,0,1,5] = 1.0
u[260,1,0,17] = 1.0
u[261,0,1,6] = 1.0
u[261,1,0,6] = 1.0
u[262,1,0,17] = 1.0
u[263,0,1,16] = 1.0
u[263,1,0,11] = 1.0
u[264,0,1,13] = 1.0
u[264,1,0,6] = 1.0
u[265,0,1,7] = 1.0
u[265,0,1,12] = 1.0
u[265,1,0,12] = 1.0
u[266,1,0,9] = 1.0
u[267,0,1,8] = 1.0
u[267,1,0,8] = 1.0
u[268,0,1,5] = 1.0
u[268,0,1,12] = 1.0
u[268,1,0,8] = 1.0
u[269,0,1,4] = 1.0
u[269,1,0,4] = 1.0
u[270,0,1,4] = 1.0
u[270,1,0,8] = 1.0
u[272,0,1,5] = 1.0
u[272,1,0,5] = 1.0
u[273,1,0,5] = 1.0
u[273,1,0,14] = 1.0
u[275,0,1,10] = 1.0
u[276,1,0,11] = 1.0
u[277,0,1,22] = 1.0
u[279,1,0,18] = 1.0
u[280,0,1,9] = 1.0
u[280,0,1,15] = 1.0
u[280,1,0,17] = 1.0
u[281,0,1,14] = 1.0
u[282,1,0,5] = 1.0
u[283,0,1,16] = 1.0
u[283,1,0,13] = 1.0
u[285,0,1,9] = 1.0
u[285,0,1,25] = 1.0
u[285,1,0,12] = 1.0
u[287,1,0,5] = 1.0
u[287,1,0,21] = 1.0
u[288,0,1,4] = 1.0
c[0,1,0,1] = 1.0
c[1,0,3,4] = 1.0
c[2,1,1,4] = 1.0
c[4,1,15,17] = 1.0
c[5,1,0,1] = 1.0
c[5,1,16,19] = 1.0
c[6,1,4,5] = 1.0
c[7,1,5,8] = 1.0
c[7,1,19,20] = 1.0
c[8,1,1,2] = 1.0
c[8,1,7,8] = 1.0
c[9,1,20,21] = 1.0
c[10,1,9,10] = 1.0
c[12,1,2,8] = 1.0
c[13,0,6,7] = 1.0
c[14,0,17,20] = 1.0
c[17,1,3,5] = 1.0
c[19,1,0,1] = 1.0
c[19,1,0,4] = 1.0
c[20,1,4,14] = 1.0
c[20,1,8,9] = 1.0
c[21,1,1,2] = 1.0
c[21,1,9,14] = 1.0
c[23,1,14,15] = 2.0
c[24,1,2,8] = 1.0
c[24,1,5,6] = 1.0
c[25,1,15,16] = 2.0
c[26,1,8,10] = 2.0
c[26,1,16,19] = 2.0
c[27,1,6,9] = 1.0
c[27,1,10,11] = 2.0
c[28,1,9,11] = 1.0
c[28,1,11,15] = 2.0
c[28,1,19,20] = 2.0
c[29,1,11,12] = 1.0
c[30,1,12,18] = 1.0
c[30,1,15,16] = 2.0
c[31,0,16,18] = 2.0
c[32,1,16,17] = 2.0
c[32,1,18,26] = 1.0
c[33,0,18,19] = 1.0
c[33,1,17,25] = 2.0
c[36,0,18,19] = 1.0
c[36,1,15,19] = 1.0
c[37,0,19,25] = 1.0
c[38,1,19,30] = 1.0
c[39,1,26,28] = 1.0
c[40,0,25,26] = 1.0
c[40,1,25,26] = 2.0
c[41,1,26,27] = 2.0
c[43,1,27,28] = 1.0
c[45,0,23,27] = 1.0
c[45,1,22,24] = 1.0
c[46,1,28,30] = 1.0
c[47,1,20,31] = 1.0
c[50,1,23,28] = 1.0
c[51,1,22,31] = 1.0
c[52,1,16,25] = 1.0
c[56,1,28,29] = 1.0
c[57,1,22,31] = 1.0
c[58,1,29,30] = 1.0
c[60,1,17,30] = 1.0
c[63,1,23,27] = 1.0
c[64,1,22,27] = 1.0
c[67,1,23,28] = 1.0
c[70,0,23,24] = 1.0
c[70,1,19,23] = 1.0
c[71,1,30,31] = 1.0
c[72,1,23,26] = 1.0
c[72,1,23,27] = 1.0
c[75,1,20,24] = 1.0
c[77,1,12,21] = 1.0
c[78,1,18,27] = 1.0
c[79,0,20,22] = 1.0
c[80,1,21,23] = 1.0
c[82,1,18,27] = 1.0
c[83,1,15,18] = 1.0
c[84,1,11,18] = 1.0
c[85,1,15,27] = 1.0
c[87,1,19,23] = 1.0
c[88,1,10,22] = 1.0
c[90,1,10,14] = 1.0
c[91,1,19,21] = 1.0
c[92,1,21,23] = 1.0
c[93,1,15,18] = 1.0
c[95,1,6,7] = 1.0
c[95,1,19,21] = 1.0
c[96,0,14,17] = 1.0
c[96,1,7,21] = 1.0
c[96,1,14,20] = 1.0
c[97,1,15,18] = 1.0
c[99,1,13,16] = 1.0
c[100,1,21,23] = 1.0
c[101,1,23,26] = 1.0
c[102,1,10,20] = 1.0
c[104,1,5,24] = 1.0
c[105,1,20,22] = 1.0
c[106,0,4,9] = 1.0
c[106,1,4,22] = 1.0
c[107,1,18,20] = 1.0
c[109,1,5,10] = 1.0
c[110,1,10,13] = 1.0
c[110,1,14,22] = 1.0
c[111,1,13,16] = 1.0
c[112,1,12,21] = 1.0
c[112,1,16,25] = 1.0
c[114,1,16,25] = 1.0
c[115,1,14,24] = 1.0
c[117,1,14,17] = 1.0
c[118,0,21,23] = 1.0
c[118,1,17,22] = 1.0
c[119,1,13,18] = 1.0
c[121,1,18,27] = 1.0
c[123,1,16,18] = 1.0
c[124,0,13,15] = 1.0
c[125,1,11,18] = 1.0
c[126,0,10,13] = 1.0
c[126,0,14,20] = 1.0
c[127,1,11,18] = 1.0
c[128,0,20,22] = 1.0
c[128,0,23,27] = 1.0
c[129,1,9,13] = 1.0
c[131,1,18,20] = 1.0
c[133,1,10,14] = 1.0
c[134,1,5,10] = 1.0
c[135,0,19,25] = 1.0
c[136,0,10,14] = 1.0
c[137,0,6,27] = 1.0
c[137,0,14,24] = 1.0
c[137,1,2,7] = 1.0
c[138,0,8,12] = 1.0
c[140,0,3,16] = 1.0
c[141,1,8,12] = 1.0
c[142,0,17,22] = 1.0
c[143,0,16,25] = 1.0
c[143,1,20,21] = 1.0
c[145,0,8,28] = 1.0
c[148,0,14,24] = 1.0
c[149,1,21,23] = 1.0
c[153,0,11,18] = 1.0
c[154,0,1,15] = 1.0
c[154,1,15,18] = 1.0
c[156,0,16,25] = 1.0
c[158,0,20,25] = 1.0
c[159,1,10,20] = 1.0
c[161,0,7,15] = 1.0
c[161,0,25,27] = 1.0
c[163,0,2,7] = 1.0
c[164,0,7,21] = 1.0
c[164,0,17,22] = 1.0
c[167,0,7,23] = 1.0
c[167,0,19,25] = 1.0
c[168,0,8,19] = 1.0
c[168,1,18,20] = 1.0
c[170,1,17,19] = 1.0
c[171,0,19,25] = 1.0
c[173,0,15,18] = 1.0
c[174,0,17,22] = 1.0
c[174,0,18,27] = 1.0
c[175,0,8,16] = 1.0
c[176,0,15,28] = 1.0
c[176,1,21,23] = 1.0
c[181,0,8,21] = 1.0
c[181,0,14,17] = 1.0
c[181,1,15,18] = 1.0
c[183,0,19,25] = 1.0
c[186,0,9,13] = 1.0
c[187,0,13,25] = 1.0
c[187,0,20,24] = 1.0
c[187,1,17,19] = 1.0
c[188,0,6,13] = 1.0
c[188,1,19,23] = 1.0
c[188,1,21,26] = 1.0
c[189,0,24,29] = 1.0
c[192,0,19,25] = 1.0
c[192,1,9,19] = 1.0
c[193,0,22,29] = 1.0
c[197,0,15,18] = 1.0
c[197,1,21,23] = 1.0
c[198,0,21,28] = 1.0
c[198,1,13,19] = 1.0
c[199,0,18,23] = 1.0
c[202,0,15,24] = 1.0
c[202,0,23,26] = 1.0
c[203,0,21,23] = 1.0
c[204,0,11,27] = 1.0
c[204,0,23,26] = 1.0
c[205,1,24,25] = 1.0
c[206,0,26,28] = 1.0
c[206,1,22,29] = 1.0
c[208,0,21,23] = 1.0
c[208,1,20,21] = 1.0
c[211,0,17,22] = 1.0
c[212,0,20,24] = 1.0
c[213,0,15,18] = 1.0
c[213,1,23,24] = 1.0
c[214,0,18,20] = 1.0
c[214,0,25,26] = 1.0
c[218,0,16,25] = 1.0
c[219,0,12,21] = 1.0
c[219,1,10,14] = 1.0
c[220,0,12,18] = 1.0
c[222,0,10,17] = 1.0
c[222,0,18,20] = 1.0
c[222,0,21,23] = 1.0
c[223,0,10,20] = 1.0
c[223,0,20,24] = 1.0
c[226,0,17,22] = 1.0
c[226,0,20,22] = 1.0
c[231,0,14,20] = 1.0
c[232,0,1,14] = 1.0
c[232,0,14,20] = 1.0
c[233,0,8,16] = 1.0
c[233,1,3,8] = 1.0
c[235,0,14,16] = 1.0
c[236,0,4,9] = 1.0
c[239,1,5,10] = 1.0
c[242,1,4,9] = 1.0
c[243,0,0,5] = 1.0
c[243,1,0,5] = 1.0
c[244,1,0,5] = 1.0
c[244,1,2,12] = 1.0
c[246,0,1,11] = 1.0
c[246,1,1,6] = 1.0
c[247,0,1,11] = 1.0
c[247,1,1,6] = 1.0
c[248,0,8,12] = 1.0
c[249,0,2,12] = 1.0
c[249,0,12,14] = 1.0
c[250,0,2,12] = 1.0
c[252,0,3,8] = 1.0
c[253,0,3,8] = 1.0
c[256,1,2,17] = 1.0
c[256,1,4,9] = 1.0
c[257,0,0,5] = 1.0
c[257,1,0,5] = 1.0
c[258,1,0,5] = 1.0
c[259,1,5,17] = 1.0
c[260,0,1,6] = 1.0
c[260,1,1,6] = 1.0
c[261,1,1,11] = 1.0
c[262,0,13,16] = 1.0
c[263,0,2,12] = 1.0
c[263,1,2,6] = 1.0
c[266,0,2,12] = 1.0
c[267,1,3,8] = 1.0
c[270,1,1,14] = 1.0
c[271,0,0,5] = 1.0
c[271,1,0,5] = 1.0
c[272,0,4,22] = 1.0
c[272,1,0,5] = 1.0
c[274,1,1,11] = 1.0
c[276,0,1,11] = 1.0
c[277,0,1,2] = 1.0
c[277,1,6,17] = 1.0
c[278,0,2,9] = 1.0
c[278,0,7,14] = 1.0
c[278,0,11,15] = 1.0
c[280,0,14,25] = 1.0
c[282,0,13,16] = 1.0
c[282,1,11,13] = 1.0
c[283,1,10,12] = 1.0
c[284,0,1,2] = 1.0
c[284,1,12,16] = 1.0
c[286,0,2,4] = 1.0
c[286,1,16,23] = 1.0
c[287,0,8,19] = 1.0
c[289,0,1,3] = 1.0
c[289,0,17,19] = 1.0
c[289,1,23,24] = 1.0
c[290,1,0,1] = 1.0
s[229,0,1] = 4.0
s[230,0,1] = 4.0
s[239,0,1] = 4.0
s[247,0,1] = 3.0
s[266,0,1] = 4.0
