results
n[0,0,4] = 2.0
n[0,1,30] = 1.0
n[1,0,4] = 2.0
n[1,1,2] = 1.0
n[1,1,30] = 1.0
n[2,0,4] = 1.0
n[2,1,2] = 1.0
n[2,1,30] = 1.0
n[3,0,4] = 1.0
n[3,1,2] = 1.0
n[3,1,30] = 1.0
n[4,1,0] = 1.0
n[4,1,2] = 1.0
n[4,1,30] = 1.0
n[5,1,0] = 1.0
n[5,1,2] = 1.0
n[5,1,30] = 1.0
n[6,1,0] = 2.0
n[6,1,2] = 1.0
n[6,1,30] = 1.0
n[7,1,0] = 3.0
n[7,1,2] = 1.0
n[7,1,30] = 1.0
n[8,1,0] = 3.0
n[8,1,2] = 1.0
n[9,1,0] = 3.0
n[10,0,26] = 1.0
n[10,1,0] = 3.0
n[11,0,26] = 1.0
n[11,1,0] = 3.0
n[12,1,0] = 3.0
n[13,1,0] = 3.0
n[14,1,0] = 3.0
n[15,1,0] = 4.0
n[16,1,0] = 4.0
n[19,1,6] = 3.0
n[20,1,6] = 3.0
n[21,1,6] = 3.0
n[22,1,6] = 3.0
n[23,1,6] = 3.0
n[24,1,6] = 3.0
n[25,1,6] = 3.0
n[26,1,5] = 1.0
n[26,1,6] = 3.0
n[27,1,5] = 1.0
n[28,1,5] = 1.0
n[29,1,5] = 1.0
n[30,1,5] = 1.0
n[31,1,5] = 1.0
n[32,1,5] = 1.0
n[33,1,5] = 1.0
n[33,1,24] = 3.0
n[34,1,5] = 1.0
n[34,1,24] = 3.0
n[35,1,5] = 1.0
n[35,1,24] = 3.0
n[36,1,5] = 1.0
n[36,1,24] = 3.0
n[37,1,5] = 1.0
n[37,1,24] = 3.0
n[38,1,24] = 3.0
n[39,1,24] = 2.0
n[50,1,31] = 2.0
n[51,1,31] = 2.0
n[52,1,31] = 2.0
n[53,1,31] = 2.0
n[54,1,31] = 2.0
n[55,1,31] = 2.0
n[56,1,31] = 2.0
n[57,1,31] = 1.0
n[58,1,31] = 1.0
n[244,1,1] = 1.0
n[280,0,7] = 1.0
n[284,1,5] = 1.0
n[286,1,4] = 1.0
n[289,1,1] = 1.0
n[290,0,4] = 2.0
n[290,1,30] = 1.0
u[2,0,1,4] = 1.0
u[2,1,0,4] = 1.0
u[4,0,1,4] = 1.0
u[5,0,1,4] = 1.0
u[8,1,0,30] = 1.0
u[11,1,0,8] = 1.0
u[12,0,1,26] = 1.0
u[13,0,1,4] = 1.0
u[14,1,0,22] = 1.0
u[19,1,0,6] = 1.0
u[21,0,1,26] = 1.0
u[23,0,1,8] = 1.0
u[31,1,0,30] = 1.0
u[33,0,1,26] = 1.0
u[35,1,0,22] = 1.0
u[38,1,0,5] = 1.0
u[43,0,1,12] = 1.0
u[45,0,1,29] = 1.0
u[45,1,0,8] = 1.0
u[47,1,0,25] = 1.0
u[48,0,1,9] = 1.0
u[49,0,1,21] = 1.0
u[49,1,0,31] = 1.0
u[51,0,1,27] = 1.0
u[52,1,0,13] = 1.0
u[54,0,1,9] = 1.0
u[54,1,0,23] = 1.0
u[57,1,0,31] = 1.0
u[59,0,1,27] = 1.0
u[59,1,0,31] = 1.0
u[60,0,1,26] = 1.0
u[61,0,1,27] = 1.0
u[61,1,0,23] = 1.0
u[62,1,0,22] = 1.0
u[63,0,1,19] = 1.0
u[63,1,0,23] = 1.0
u[64,0,1,18] = 1.0
u[64,1,0,31] = 1.0
u[65,0,1,19] = 1.0
u[66,0,1,27] = 1.0
u[66,1,0,14] = 1.0
u[68,0,1,10] = 1.0
u[68,1,0,23] = 1.0
u[69,1,0,19] = 1.0
u[69,1,0,30] = 1.0
u[71,0,1,15] = 1.0
u[71,1,0,8] = 1.0
u[71,1,0,27] = 1.0
u[74,0,1,26] = 1.0
u[74,1,0,14] = 1.0
u[75,0,1,12] = 1.0
u[76,1,0,22] = 1.0
u[77,0,1,28] = 1.0
u[77,1,0,8] = 1.0
u[78,0,1,18] = 1.0
u[79,1,0,24] = 1.0
u[80,0,1,31] = 1.0
u[80,1,0,14] = 1.0
u[81,0,1,20] = 1.0
u[82,1,0,27] = 1.0
u[83,0,1,11] = 1.0
u[83,1,0,16] = 1.0
u[84,0,1,23] = 1.0
u[85,0,1,12] = 1.0
u[85,1,0,7] = 1.0
u[86,0,1,24] = 1.0
u[86,1,0,19] = 1.0
u[87,1,0,8] = 1.0
u[88,0,1,15] = 1.0
u[88,0,1,30] = 1.0
u[89,1,0,21] = 1.0
u[91,0,1,17] = 1.0
u[92,1,0,18] = 1.0
u[93,0,1,19] = 1.0
u[93,0,1,23] = 1.0
u[93,1,0,13] = 1.0
u[94,1,0,29] = 1.0
u[95,0,1,9] = 1.0
u[96,0,1,25] = 1.0
u[96,1,0,17] = 1.0
u[97,0,1,22] = 1.0
u[98,1,0,21] = 1.0
u[99,0,1,16] = 1.0
u[99,1,0,18] = 1.0
u[100,0,1,17] = 1.0
u[101,1,0,12] = 1.0
u[102,0,1,17] = 1.0
u[102,1,0,13] = 1.0
u[103,0,1,8] = 1.0
u[104,1,0,13] = 1.0
u[105,0,1,13] = 1.0
u[105,1,0,4] = 1.0
u[106,0,1,9] = 1.0
u[106,1,0,27] = 1.0
u[107,1,0,9] = 1.0
u[108,0,1,23] = 1.0
u[108,1,0,5] = 1.0
u[108,1,0,31] = 1.0
u[110,0,1,27] = 1.0
u[110,1,0,19] = 1.0
u[111,0,1,14] = 1.0
u[112,0,1,15] = 1.0
u[112,1,0,23] = 1.0
u[113,0,1,13] = 1.0
u[113,1,0,10] = 1.0
u[114,0,1,19] = 1.0
u[114,0,1,23] = 1.0
u[114,1,0,11] = 1.0
u[115,0,1,6] = 1.0
u[115,1,0,9] = 1.0
u[116,1,0,19] = 1.0
u[117,0,1,5] = 1.0
u[117,1,0,18] = 1.0
u[118,0,1,15] = 1.0
u[118,1,0,4] = 1.0
u[119,0,1,18] = 1.0
u[120,0,1,16] = 1.0
u[120,1,0,11] = 1.0
u[121,0,1,4] = 1.0
u[121,1,0,14] = 1.0
u[122,0,1,7] = 1.0
u[122,1,0,12] = 1.0
u[123,1,0,16] = 1.0
u[124,0,1,8] = 1.0
u[125,0,1,12] = 1.0
u[125,1,0,8] = 2.0
u[127,0,1,4] = 2.0
u[127,0,1,22] = 1.0
u[127,1,0,8] = 1.0
u[128,1,0,13] = 1.0
u[129,0,1,4] = 1.0
u[130,0,1,9] = 1.0
u[130,1,0,20] = 1.0
u[132,0,1,16] = 1.0
u[132,1,0,5] = 2.0
u[132,1,0,12] = 1.0
u[134,0,1,8] = 1.0
u[134,1,0,12] = 1.0
u[135,1,0,22] = 1.0
u[136,0,1,8] = 1.0
u[136,1,0,4] = 1.0
u[137,0,1,12] = 1.0
u[137,0,1,18] = 1.0
u[138,0,1,16] = 1.0
u[138,1,0,4] = 1.0
u[139,0,1,4] = 1.0
u[139,1,0,8] = 1.0
u[140,1,0,12] = 1.0
u[141,0,1,4] = 1.0
u[142,1,0,22] = 1.0
u[144,0,1,18] = 1.0
u[144,1,0,5] = 1.0
u[145,0,1,20] = 1.0
u[146,1,0,14] = 1.0
u[146,1,0,20] = 1.0
u[147,0,1,4] = 1.0
u[147,0,1,22] = 1.0
u[149,0,1,18] = 1.0
u[149,1,0,18] = 1.0
u[150,0,1,16] = 1.0
u[151,1,0,14] = 1.0
u[152,0,1,15] = 1.0
u[152,1,0,12] = 1.0
u[154,1,0,11] = 1.0
u[155,0,1,17] = 1.0
u[155,1,0,21] = 1.0
u[156,0,1,7] = 1.0
u[156,1,0,29] = 1.0
u[157,0,1,17] = 1.0
u[157,1,0,13] = 1.0
u[158,0,1,25] = 1.0
u[159,0,1,9] = 1.0
u[159,1,0,13] = 1.0
u[160,1,0,21] = 1.0
u[161,0,1,9] = 1.0
u[162,0,1,17] = 1.0
u[162,1,0,8] = 1.0
u[162,1,0,19] = 1.0
u[163,0,1,28] = 1.0
u[164,0,1,4] = 1.0
u[164,1,0,13] = 1.0
u[165,1,0,24] = 1.0
u[166,0,1,9] = 1.0
u[167,1,0,5] = 1.0
u[169,0,1,24] = 1.0
u[170,0,1,27] = 1.0
u[170,1,0,14] = 1.0
u[171,1,0,20] = 1.0
u[172,0,1,15] = 1.0
u[172,1,0,23] = 1.0
u[173,0,1,16] = 1.0
u[174,1,0,11] = 1.0
u[175,0,1,20] = 1.0
u[176,1,0,30] = 1.0
u[178,0,1,26] = 1.0
u[178,1,0,20] = 1.0
u[180,0,1,16] = 1.0
u[180,1,0,22] = 1.0
u[181,0,1,22] = 1.0
u[181,1,0,24] = 1.0
u[182,0,1,18] = 1.0
u[182,1,0,12] = 1.0
u[183,0,1,20] = 1.0
u[183,1,0,18] = 1.0
u[184,1,0,14] = 1.0
u[185,0,1,14] = 1.0
u[186,1,0,18] = 1.0
u[187,0,1,12] = 1.0
u[188,0,1,14] = 1.0
u[190,1,0,10] = 1.0
u[191,1,0,15] = 1.0
u[193,0,1,11] = 1.0
u[193,1,0,25] = 1.0
u[195,0,1,21] = 1.0
u[195,1,0,7] = 1.0
u[196,0,1,30] = 1.0
u[198,0,1,8] = 1.0
u[198,0,1,32] = 1.0
u[198,1,0,26] = 1.0
u[199,1,0,20] = 1.0
u[200,0,1,22] = 1.0
u[200,1,0,4] = 1.0
u[200,1,0,28] = 1.0
u[201,0,1,16] = 1.0
u[202,0,1,24] = 1.0
u[202,1,0,18] = 1.0
u[203,0,1,29] = 1.0
u[204,0,1,10] = 1.0
u[204,0,1,14] = 1.0
u[204,1,0,20] = 1.0
u[205,1,0,25] = 1.0
u[207,0,1,21] = 1.0
u[207,1,0,12] = 1.0
u[208,1,0,14] = 1.0
u[209,0,1,8] = 1.0
u[209,1,0,17] = 1.0
u[212,0,1,27] = 1.0
u[212,1,0,9] = 1.0
u[214,0,1,5] = 1.0
u[214,1,0,23] = 1.0
u[215,0,1,24] = 1.0
u[215,1,0,30] = 1.0
u[216,0,1,19] = 1.0
u[216,0,1,25] = 1.0
u[217,1,0,20] = 1.0
u[218,1,0,21] = 1.0
u[219,0,1,16] = 1.0
u[220,1,0,16] = 1.0
u[221,0,1,29] = 1.0
u[221,1,0,12] = 1.0
u[222,0,1,12] = 1.0
u[223,0,1,8] = 1.0
u[223,1,0,25] = 1.0
u[224,1,0,8] = 1.0
u[225,0,1,21] = 1.0
u[225,1,0,4] = 1.0
u[226,0,1,27] = 1.0
u[228,0,1,13] = 1.0
u[228,1,0,23] = 1.0
u[229,1,0,30] = 1.0
u[230,0,1,19] = 1.0
u[231,0,1,26] = 1.0
u[231,1,0,24] = 1.0
u[232,1,0,15] = 1.0
u[233,0,1,20] = 1.0
u[233,1,0,22] = 1.0
u[234,0,1,11] = 1.0
u[234,0,1,24] = 1.0
u[234,1,0,21] = 1.0
u[235,0,1,18] = 1.0
u[235,1,0,16] = 1.0
u[236,0,1,17] = 1.0
u[236,1,0,7] = 1.0
u[237,1,0,14] = 1.0
u[237,1,0,22] = 1.0
u[238,0,1,13] = 1.0
u[238,1,0,13] = 1.0
u[239,0,1,18] = 1.0
u[240,0,1,14] = 1.0
u[240,1,0,9] = 1.0
u[241,0,1,13] = 1.0
u[241,1,0,14] = 1.0
u[242,0,1,5] = 1.0
u[243,0,1,10] = 1.0
u[243,1,0,9] = 1.0
u[244,0,1,20] = 1.0
u[244,1,0,16] = 1.0
u[245,0,1,5] = 1.0
u[245,1,0,6] = 1.0
u[246,0,1,12] = 1.0
u[246,1,0,16] = 1.0
u[247,1,0,7] = 1.0
u[248,0,1,7] = 1.0
u[248,0,1,12] = 1.0
u[248,1,0,8] = 1.0
u[249,1,0,11] = 1.0
u[250,0,1,4] = 1.0
u[250,0,1,8] = 1.0
u[250,1,0,8] = 1.0
u[251,0,1,7] = 1.0
u[251,1,0,8] = 1.0
u[252,0,1,4] = 1.0
u[252,1,0,4] = 1.0
u[253,0,1,4] = 1.0
u[254,1,0,8] = 2.0
u[255,0,1,5] = 1.0
u[256,0,1,4] = 2.0
u[257,1,0,10] = 1.0
u[258,1,0,6] = 1.0
u[259,0,1,6] = 1.0
u[259,1,0,4] = 2.0
u[261,0,1,6] = 1.0
u[261,1,0,22] = 1.0
u[262,0,1,5] = 2.0
u[262,1,0,7] = 1.0
u[265,0,1,21] = 1.0
u[265,1,0,12] = 1.0
u[266,0,1,12] = 1.0
u[266,1,0,9] = 1.0
u[267,0,1,8] = 1.0
u[267,1,0,17] = 1.0
u[268,0,1,5] = 1.0
u[268,1,0,8] = 1.0
u[269,0,1,13] = 1.0
u[269,1,0,4] = 1.0
u[270,0,1,4] = 1.0
u[270,1,0,21] = 1.0
u[271,1,0,9] = 1.0
u[272,0,1,17] = 1.0
u[272,1,0,11] = 1.0
u[274,0,1,14] = 1.0
u[274,1,0,13] = 1.0
u[275,1,0,11] = 1.0
u[276,0,1,9] = 1.0
u[276,0,1,15] = 1.0
u[277,1,0,12] = 1.0
u[278,1,0,11] = 1.0
u[279,0,1,8] = 1.0
u[279,0,1,23] = 1.0
u[280,0,1,16] = 1.0
u[280,1,0,13] = 1.0
u[281,0,1,7] = 1.0
u[282,0,1,9] = 1.0
u[282,1,0,12] = 1.0
u[284,0,1,8] = 1.0
u[284,1,0,16] = 1.0
u[285,1,0,9] = 1.0
u[286,0,1,12] = 1.0
u[286,1,0,9] = 1.0
u[287,0,1,5] = 1.0
u[287,1,0,4] = 1.0
u[288,0,1,5] = 1.0
u[288,1,0,8] = 1.0
c[0,1,1,2] = 2.0
c[1,1,2,4] = 1.0
c[4,0,0,4] = 1.0
c[9,1,2,8] = 1.0
c[16,0,18,26] = 1.0
c[17,1,0,6] = 4.0
c[21,0,2,8] = 1.0
c[23,1,22,25] = 1.0
c[25,1,4,5] = 1.0
c[25,1,25,30] = 1.0
c[27,1,6,24] = 3.0
c[37,0,18,29] = 1.0
c[39,1,24,31] = 1.0
c[40,0,1,12] = 1.0
c[40,1,24,31] = 2.0
c[47,0,4,9] = 1.0
c[50,1,5,13] = 1.0
c[51,1,17,23] = 1.0
c[53,1,23,27] = 1.0
c[56,0,19,26] = 1.0
c[56,1,5,30] = 1.0
c[56,1,27,31] = 1.0
c[65,1,15,27] = 1.0
c[67,1,15,19] = 1.0
c[70,0,19,26] = 1.0
c[70,1,6,8] = 1.0
c[71,0,26,31] = 1.0
c[73,0,4,12] = 1.0
c[73,0,23,28] = 1.0
c[73,1,11,14] = 1.0
c[76,0,10,30] = 1.0
c[79,0,4,24] = 1.0
c[82,0,10,11] = 1.0
c[87,0,3,23] = 1.0
c[88,1,20,21] = 1.0
c[89,0,4,19] = 1.0
c[90,1,11,18] = 1.0
c[90,1,26,29] = 1.0
c[94,0,14,22] = 1.0
c[95,1,15,17] = 1.0
c[95,1,19,31] = 1.0
c[97,1,5,27] = 1.0
c[98,0,13,16] = 1.0
c[101,0,14,17] = 1.0
c[104,0,9,13] = 1.0
c[107,0,0,23] = 1.0
c[109,0,5,14] = 1.0
c[110,0,1,13] = 1.0
c[116,0,7,18] = 1.0
c[116,1,15,18] = 1.0
c[117,1,2,4] = 1.0
c[119,0,14,16] = 1.0
c[119,1,1,16] = 1.0
c[120,0,0,4] = 1.0
c[123,0,10,22] = 1.0
c[123,1,0,3] = 1.0
c[124,1,3,8] = 2.0
c[126,1,4,13] = 1.0
c[129,1,0,12] = 1.0
c[129,1,0,22] = 1.0
c[129,1,18,20] = 1.0
c[131,1,0,5] = 1.0
c[134,0,1,12] = 1.0
c[134,0,1,16] = 1.0
c[138,0,0,4] = 1.0
c[139,1,14,22] = 1.0
c[140,0,0,20] = 1.0
c[141,1,0,20] = 1.0
c[142,0,8,22] = 1.0
c[143,1,0,5] = 1.0
c[146,0,1,4] = 1.0
c[147,1,16,29] = 1.0
c[148,0,10,16] = 1.0
c[148,0,16,18] = 1.0
c[149,1,0,21] = 1.0
c[151,0,14,15] = 1.0
c[153,0,10,17] = 1.0
c[154,0,8,28] = 1.0
c[158,1,3,19] = 1.0
c[161,1,5,8] = 1.0
c[163,1,5,30] = 1.0
c[164,0,15,27] = 1.0
c[166,1,0,5] = 1.0
c[167,0,20,24] = 1.0
c[168,1,5,14] = 1.0
c[169,0,1,15] = 1.0
c[172,0,10,32] = 1.0
c[174,0,19,20] = 1.0
c[175,1,12,20] = 1.0
c[176,0,7,22] = 1.0
c[177,1,16,24] = 1.0
c[184,0,8,30] = 1.0
c[185,1,16,18] = 1.0
c[186,0,10,12] = 1.0
c[187,1,10,25] = 1.0
c[189,1,8,15] = 1.0
c[192,0,6,10] = 1.0
c[193,0,10,29] = 1.0
c[197,0,3,8] = 1.0
c[197,1,17,20] = 1.0
c[202,0,0,10] = 1.0
c[203,1,12,30] = 1.0
c[206,0,16,27] = 1.0
c[206,1,6,14] = 1.0
c[206,1,10,12] = 1.0
c[210,0,10,24] = 1.0
c[211,0,13,25] = 1.0
c[211,1,4,9] = 1.0
c[216,1,1,16] = 1.0
c[217,0,26,29] = 1.0
c[218,1,15,30] = 1.0
c[220,0,17,27] = 1.0
c[226,0,4,13] = 1.0
c[227,0,0,24] = 1.0
c[227,1,17,24] = 1.0
c[230,1,9,21] = 1.0
c[236,1,20,22] = 1.0
c[237,0,12,13] = 1.0
c[238,0,3,9] = 1.0
c[239,0,10,14] = 1.0
c[240,0,9,13] = 2.0
c[241,0,13,20] = 1.0
c[242,1,10,16] = 1.0
c[245,1,1,7] = 1.0
c[247,0,2,7] = 1.0
c[247,1,1,11] = 1.0
c[249,0,3,8] = 1.0
c[250,1,3,8] = 1.0
c[252,1,0,5] = 1.0
c[253,1,3,8] = 1.0
c[253,1,5,8] = 1.0
c[254,0,0,5] = 1.0
c[254,1,0,9] = 1.0
c[255,1,0,10] = 1.0
c[256,1,9,22] = 1.0
c[257,1,1,6] = 1.0
c[258,1,0,4] = 2.0
c[260,0,2,6] = 1.0
c[261,0,0,5] = 2.0
c[261,1,2,7] = 1.0
c[263,0,18,21] = 1.0
c[263,1,2,12] = 1.0
c[264,0,3,8] = 1.0
c[264,1,1,9] = 1.0
c[264,1,1,21] = 1.0
c[265,0,8,12] = 1.0
c[270,1,1,11] = 1.0
c[271,0,0,14] = 1.0
c[272,1,0,11] = 1.0
c[273,0,5,15] = 1.0
c[274,0,7,23] = 1.0
c[276,1,10,12] = 1.0
c[277,0,7,16] = 1.0
c[278,1,5,13] = 1.0
c[281,1,4,16] = 1.0
c[281,1,19,30] = 1.0
c[283,1,3,9] = 1.0
c[285,1,5,9] = 1.0
c[289,0,0,4] = 1.0
c[290,1,1,2] = 2.0
s[113,0,1] = 4.0
s[249,0,1] = 4.0
s[261,0,1] = 2.0
s[281,0,1] = 4.0
