results
n[0,0,18] = 2.0
n[0,1,4] = 1.0
n[0,1,31] = 1.0
n[1,0,18] = 1.0
n[1,1,8] = 1.0
n[1,1,31] = 1.0
n[2,0,18] = 1.0
n[2,0,19] = 1.0
n[2,1,31] = 1.0
n[3,0,19] = 1.0
n[3,1,6] = 1.0
n[3,1,9] = 1.0
n[3,1,31] = 1.0
n[4,0,19] = 1.0
n[4,1,6] = 1.0
n[4,1,9] = 1.0
n[4,1,31] = 1.0
n[5,1,9] = 1.0
n[5,1,14] = 1.0
n[5,1,31] = 1.0
n[6,0,20] = 1.0
n[6,1,31] = 1.0
n[7,0,20] = 1.0
n[7,1,10] = 1.0
n[7,1,12] = 1.0
n[7,1,31] = 1.0
n[8,0,20] = 1.0
n[8,1,31] = 1.0
n[9,0,11] = 1.0
n[9,0,20] = 1.0
n[9,1,12] = 1.0
n[9,1,31] = 1.0
n[10,0,20] = 1.0
n[10,1,12] = 1.0
n[10,1,17] = 1.0
n[10,1,31] = 1.0
n[11,0,20] = 1.0
n[11,1,31] = 1.0
n[12,1,15] = 1.0
n[13,1,20] = 1.0
n[14,0,27] = 1.0
n[14,1,18] = 1.0
n[15,1,12] = 1.0
n[15,1,21] = 1.0
n[16,0,25] = 1.0
n[16,1,19] = 1.0
n[17,1,13] = 1.0
n[17,1,23] = 1.0
n[18,1,13] = 1.0
n[19,0,15] = 1.0
n[20,0,15] = 1.0
n[20,1,26] = 2.0
n[22,0,18] = 1.0
n[22,1,27] = 2.0
n[23,0,18] = 1.0
n[23,1,27] = 1.0
n[24,1,27] = 1.0
n[27,1,26] = 1.0
n[27,1,28] = 1.0
n[28,1,26] = 1.0
n[28,1,28] = 1.0
n[28,1,30] = 1.0
n[29,1,28] = 1.0
n[30,1,27] = 1.0
n[31,1,26] = 1.0
n[34,1,29] = 1.0
n[37,1,30] = 1.0
n[44,0,27] = 1.0
n[61,0,24] = 1.0
n[87,0,0] = 1.0
n[89,0,1] = 1.0
n[91,0,1] = 1.0
n[93,0,10] = 1.0
n[95,1,8] = 1.0
n[96,1,2] = 1.0
n[107,1,22] = 1.0
n[110,0,4] = 1.0
n[117,0,18] = 1.0
n[132,0,14] = 1.0
n[132,1,21] = 1.0
n[143,0,1] = 1.0
n[145,0,1] = 1.0
n[153,1,21] = 1.0
n[199,1,4] = 1.0
n[202,1,6] = 1.0
n[205,1,0] = 1.0
n[214,1,9] = 1.0
n[215,1,9] = 1.0
n[217,0,3] = 1.0
n[250,0,23] = 1.0
n[250,1,20] = 1.0
n[261,0,24] = 1.0
n[275,1,4] = 1.0
n[285,0,10] = 1.0
n[286,0,10] = 1.0
n[290,0,18] = 2.0
n[290,1,4] = 1.0
n[290,1,31] = 1.0
u[3,0,1,18] = 1.0
u[7,1,0,15] = 1.0
u[11,0,1,13] = 1.0
u[12,1,0,31] = 1.0
u[15,0,1,27] = 1.0
u[17,1,0,19] = 1.0
u[18,0,1,26] = 1.0
u[20,1,0,22] = 1.0
u[21,0,1,15] = 1.0
u[30,1,0,28] = 1.0
u[33,1,0,31] = 1.0
u[34,0,1,29] = 1.0
u[35,0,1,27] = 1.0
u[38,1,0,30] = 1.0
u[39,0,1,30] = 1.0
u[40,0,1,26] = 1.0
u[41,1,0,26] = 1.0
u[42,1,0,31] = 1.0
u[45,0,1,27] = 1.0
u[46,1,0,31] = 1.0
u[47,0,1,27] = 1.0
u[47,1,0,23] = 1.0
u[48,0,1,27] = 1.0
u[48,1,0,31] = 1.0
u[49,0,1,19] = 1.0
u[50,0,1,27] = 1.0
u[50,1,0,23] = 1.0
u[52,0,1,19] = 1.0
u[52,1,0,23] = 1.0
u[54,0,1,19] = 1.0
u[54,1,0,15] = 1.0
u[55,1,0,31] = 1.0
u[57,0,1,27] = 1.0
u[59,1,0,21] = 1.0
u[59,1,0,23] = 1.0
u[60,1,0,31] = 1.0
u[61,0,1,17] = 1.0
u[62,0,1,27] = 1.0
u[62,1,0,30] = 1.0
u[63,0,1,22] = 1.0
u[64,0,1,26] = 2.0
u[64,1,0,23] = 1.0
u[66,0,1,19] = 1.0
u[66,1,0,22] = 2.0
u[68,0,1,18] = 2.0
u[68,1,0,25] = 1.0
u[69,1,0,25] = 1.0
u[70,0,1,21] = 1.0
u[70,1,0,14] = 1.0
u[71,0,1,21] = 1.0
u[71,1,0,22] = 1.0
u[72,0,1,10] = 1.0
u[72,1,0,17] = 1.0
u[73,0,1,18] = 1.0
u[73,1,0,22] = 1.0
u[74,0,1,13] = 1.0
u[74,1,0,6] = 1.0
u[75,0,1,18] = 1.0
u[75,1,0,14] = 1.0
u[75,1,0,22] = 1.0
u[76,1,0,9] = 1.0
u[77,0,1,10] = 1.0
u[77,0,1,18] = 1.0
u[78,0,1,5] = 1.0
u[78,0,1,11] = 1.0
u[78,1,0,16] = 1.0
u[79,1,0,14] = 1.0
u[80,0,1,12] = 1.0
u[80,1,0,7] = 1.0
u[81,0,1,10] = 1.0
u[81,1,0,12] = 1.0
u[82,1,0,8] = 1.0
u[83,0,1,8] = 2.0
u[83,1,0,15] = 1.0
u[84,0,1,4] = 1.0
u[84,1,0,8] = 1.0
u[85,1,0,4] = 2.0
u[87,0,1,9] = 1.0
u[88,0,1,18] = 1.0
u[88,1,0,6] = 1.0
u[89,1,0,5] = 1.0
u[90,0,1,14] = 1.0
u[90,1,0,14] = 1.0
u[92,0,1,10] = 1.0
u[93,0,1,5] = 1.0
u[93,0,1,12] = 1.0
u[93,1,0,12] = 1.0
u[94,1,0,6] = 1.0
u[95,0,1,11] = 1.0
u[96,0,1,12] = 1.0
u[97,1,0,7] = 1.0
u[97,1,0,12] = 1.0
u[98,0,1,8] = 1.0
u[98,1,0,8] = 1.0
u[99,0,1,8] = 1.0
u[100,0,1,7] = 1.0
u[100,1,0,4] = 1.0
u[103,1,0,21] = 1.0
u[104,0,1,6] = 1.0
u[105,0,1,21] = 1.0
u[105,1,0,14] = 1.0
u[106,0,1,18] = 1.0
u[107,1,0,17] = 1.0
u[108,0,1,14] = 1.0
u[108,1,0,8] = 1.0
u[108,1,0,22] = 1.0
u[109,1,0,15] = 1.0
u[110,0,1,18] = 1.0
u[111,0,1,17] = 1.0
u[111,1,0,14] = 1.0
u[113,0,1,13] = 1.0
u[113,1,0,13] = 1.0
u[115,0,1,20] = 1.0
u[115,1,0,22] = 1.0
u[116,1,0,10] = 1.0
u[117,0,1,21] = 1.0
u[117,1,0,16] = 1.0
u[118,0,1,6] = 1.0
u[118,0,1,18] = 1.0
u[119,0,1,12] = 1.0
u[119,1,0,17] = 1.0
u[120,1,0,14] = 1.0
u[121,0,1,13] = 1.0
u[121,1,0,8] = 1.0
u[122,0,1,10] = 1.0
u[123,0,1,4] = 1.0
u[123,0,1,27] = 1.0
u[123,1,0,13] = 1.0
u[124,1,0,6] = 1.0
u[125,0,1,9] = 1.0
u[125,1,0,23] = 1.0
u[127,0,1,19] = 1.0
u[127,1,0,5] = 1.0
u[127,1,0,20] = 1.0
u[128,0,1,10] = 1.0
u[128,1,0,11] = 1.0
u[129,0,1,16] = 1.0
u[130,1,0,6] = 1.0
u[131,0,1,11] = 1.0
u[132,1,0,14] = 1.0
u[133,0,1,14] = 1.0
u[133,1,0,21] = 1.0
u[134,0,1,10] = 1.0
u[135,0,1,13] = 1.0
u[135,0,1,17] = 1.0
u[135,1,0,12] = 1.0
u[136,1,0,14] = 1.0
u[137,1,0,9] = 1.0
u[137,1,0,13] = 1.0
u[138,0,1,10] = 1.0
u[139,0,1,9] = 1.0
u[139,1,0,13] = 1.0
u[140,1,0,6] = 1.0
u[141,0,1,9] = 1.0
u[141,1,0,5] = 1.0
u[142,0,1,21] = 1.0
u[143,1,0,5] = 1.0
u[144,0,1,9] = 1.0
u[144,0,1,19] = 1.0
u[144,1,0,17] = 1.0
u[146,0,1,13] = 1.0
u[146,1,0,5] = 1.0
u[148,1,0,19] = 1.0
u[149,0,1,20] = 1.0
u[149,1,0,13] = 1.0
u[150,0,1,14] = 1.0
u[151,0,1,9] = 1.0
u[154,0,1,24] = 1.0
u[154,1,0,15] = 1.0
u[155,0,1,24] = 1.0
u[155,1,0,23] = 1.0
u[156,0,1,11] = 1.0
u[156,1,0,20] = 1.0
u[157,0,1,19] = 1.0
u[158,0,1,16] = 1.0
u[158,1,0,22] = 2.0
u[159,1,0,15] = 1.0
u[160,0,1,18] = 2.0
u[161,1,0,16] = 1.0
u[162,0,1,12] = 1.0
u[162,1,0,14] = 1.0
u[163,0,1,12] = 1.0
u[163,1,0,16] = 1.0
u[164,0,1,10] = 1.0
u[164,1,0,18] = 1.0
u[165,0,1,12] = 1.0
u[165,1,0,8] = 1.0
u[165,1,0,12] = 1.0
u[166,0,1,14] = 1.0
u[166,1,0,6] = 1.0
u[167,0,1,4] = 1.0
u[167,0,1,8] = 1.0
u[167,1,0,8] = 1.0
u[168,1,0,10] = 1.0
u[169,0,1,4] = 1.0
u[169,1,0,4] = 1.0
u[171,0,1,10] = 1.0
u[172,1,0,11] = 1.0
u[174,0,1,12] = 1.0
u[174,1,0,13] = 1.0
u[175,0,1,9] = 1.0
u[176,0,1,9] = 1.0
u[176,1,0,17] = 1.0
u[178,0,1,13] = 1.0
u[178,0,1,28] = 1.0
u[178,1,0,5] = 1.0
u[178,1,0,10] = 1.0
u[180,0,1,6] = 1.0
u[180,1,0,24] = 1.0
u[181,1,0,23] = 1.0
u[182,0,1,20] = 1.0
u[182,1,0,16] = 1.0
u[183,0,1,19] = 1.0
u[183,1,0,7] = 1.0
u[184,0,1,18] = 1.0
u[184,1,0,16] = 1.0
u[185,0,1,14] = 1.0
u[185,1,0,15] = 1.0
u[186,0,1,12] = 1.0
u[186,1,0,14] = 1.0
u[187,0,1,11] = 1.0
u[187,0,1,12] = 1.0
u[187,1,0,10] = 1.0
u[188,0,1,10] = 1.0
u[188,1,0,8] = 1.0
u[189,0,1,6] = 1.0
u[189,1,0,7] = 1.0
u[189,1,0,8] = 1.0
u[190,0,1,4] = 1.0
u[191,0,1,4] = 1.0
u[191,1,0,8] = 1.0
u[193,0,1,4] = 1.0
u[194,0,1,15] = 1.0
u[194,1,0,14] = 1.0
u[195,1,0,12] = 1.0
u[196,0,1,10] = 1.0
u[196,1,0,11] = 1.0
u[197,0,1,8] = 1.0
u[197,1,0,16] = 1.0
u[198,1,0,14] = 1.0
u[199,0,1,12] = 1.0
u[200,0,1,10] = 1.0
u[200,0,1,13] = 1.0
u[200,1,0,14] = 1.0
u[201,1,0,8] = 2.0
u[202,0,1,10] = 1.0
u[202,1,0,9] = 1.0
u[203,0,1,4] = 2.0
u[203,1,0,6] = 1.0
u[204,0,1,5] = 1.0
u[204,1,0,6] = 1.0
u[206,1,0,4] = 1.0
u[207,0,1,7] = 1.0
u[209,0,1,15] = 1.0
u[209,1,0,12] = 1.0
u[210,1,0,4] = 1.0
u[210,1,0,14] = 1.0
u[211,0,1,8] = 1.0
u[211,1,0,11] = 1.0
u[212,0,1,10] = 1.0
u[215,0,1,19] = 1.0
u[215,1,0,7] = 1.0
u[217,0,1,18] = 1.0
u[217,1,0,15] = 1.0
u[218,0,1,22] = 1.0
u[218,1,0,15] = 1.0
u[219,0,1,11] = 1.0
u[220,0,1,11] = 1.0
u[220,1,0,18] = 1.0
u[223,0,1,15] = 1.0
u[223,1,0,11] = 1.0
u[224,0,1,19] = 1.0
u[225,0,1,7] = 1.0
u[225,1,0,26] = 1.0
u[226,1,0,13] = 1.0
u[226,1,0,15] = 1.0
u[227,0,1,22] = 1.0
u[228,0,1,9] = 1.0
u[228,1,0,8] = 1.0
u[228,1,0,26] = 1.0
u[230,0,1,4] = 1.0
u[230,0,1,22] = 1.0
u[230,1,0,5] = 1.0
u[231,0,1,19] = 1.0
u[231,1,0,22] = 1.0
u[232,1,0,18] = 1.0
u[233,0,1,18] = 1.0
u[234,0,1,14] = 1.0
u[234,1,0,16] = 1.0
u[235,1,0,14] = 1.0
u[236,0,1,12] = 1.0
u[236,0,1,18] = 1.0
u[238,0,1,12] = 1.0
u[238,1,0,13] = 1.0
u[239,1,0,20] = 1.0
u[240,0,1,9] = 1.0
u[240,1,0,13] = 1.0
u[242,0,1,9] = 1.0
u[242,1,0,5] = 1.0
u[244,0,1,23] = 1.0
u[244,1,0,5] = 1.0
u[244,1,0,21] = 1.0
u[246,0,1,17] = 1.0
u[246,1,0,19] = 1.0
u[246,1,0,28] = 1.0
u[248,0,1,15] = 1.0
u[248,0,1,24] = 1.0
u[248,1,0,13] = 1.0
u[249,0,1,11] = 1.0
u[250,0,1,9] = 1.0
u[250,1,0,11] = 1.0
u[251,0,1,23] = 1.0
u[251,1,0,20] = 1.0
u[252,0,1,7] = 1.0
u[254,0,1,18] = 1.0
u[254,1,0,17] = 1.0
u[255,1,0,4] = 1.0
u[256,0,1,13] = 1.0
u[257,1,0,15] = 1.0
u[257,1,0,20] = 1.0
u[259,0,1,16] = 1.0
u[259,1,0,28] = 1.0
u[260,0,1,14] = 1.0
u[260,1,0,16] = 1.0
u[261,1,0,12] = 1.0
u[262,0,1,12] = 1.0
u[262,0,1,24] = 1.0
u[263,1,0,12] = 1.0
u[264,0,1,24] = 1.0
u[265,0,1,8] = 1.0
u[265,1,0,12] = 1.0
u[266,1,0,23] = 1.0
u[267,0,1,21] = 1.0
u[268,0,1,19] = 1.0
u[268,1,0,8] = 1.0
u[269,0,1,16] = 1.0
u[269,1,0,17] = 1.0
u[270,1,0,15] = 1.0
u[271,0,1,6] = 1.0
u[271,1,0,12] = 1.0
u[272,0,1,11] = 1.0
u[272,0,1,15] = 1.0
u[273,0,1,8] = 1.0
u[273,1,0,29] = 1.0
u[274,1,0,11] = 1.0
u[275,0,1,25] = 1.0
u[276,1,0,4] = 1.0
u[278,0,1,10] = 1.0
u[279,1,0,20] = 1.0
u[280,0,1,8] = 1.0
u[281,1,0,26] = 1.0
u[283,1,0,14] = 1.0
u[284,0,1,22] = 1.0
u[285,1,0,11] = 1.0
u[286,0,1,26] = 1.0
u[287,0,1,10] = 1.0
u[288,0,1,8] = 1.0
u[288,1,0,22] = 2.0
c[0,1,7,8] = 1.0
c[1,0,18,19] = 1.0
c[1,1,4,5] = 1.0
c[2,1,5,6] = 1.0
c[2,1,8,9] = 1.0
c[5,0,19,20] = 1.0
c[5,1,6,12] = 1.0
c[6,1,9,10] = 1.0
c[6,1,14,15] = 1.0
c[8,1,10,12] = 1.0
c[8,1,12,17] = 1.0
c[10,0,11,13] = 1.0
c[11,1,12,15] = 1.0
c[11,1,17,20] = 1.0
c[12,0,20,23] = 1.0
c[13,1,9,11] = 1.0
c[13,1,15,18] = 1.0
c[14,0,23,25] = 1.0
c[14,1,11,12] = 1.0
c[14,1,20,21] = 1.0
c[15,1,18,19] = 1.0
c[16,1,12,13] = 1.0
c[16,1,21,22] = 1.0
c[17,0,25,26] = 1.0
c[17,1,22,23] = 1.0
c[18,1,23,26] = 2.0
c[19,1,13,14] = 1.0
c[20,1,14,18] = 1.0
c[21,1,26,27] = 2.0
c[22,1,18,19] = 1.0
c[23,1,11,15] = 1.0
c[23,1,19,26] = 1.0
c[23,1,27,30] = 1.0
c[24,0,18,21] = 1.0
c[25,1,15,26] = 1.0
c[25,1,27,28] = 1.0
c[26,0,21,24] = 1.0
c[28,0,24,28] = 1.0
c[29,1,26,27] = 1.0
c[29,1,30,31] = 1.0
c[31,1,27,29] = 1.0
c[32,0,24,30] = 1.0
c[32,0,28,29] = 1.0
c[32,1,26,30] = 1.0
c[35,1,29,30] = 1.0
c[36,1,25,30] = 1.0
c[37,1,23,27] = 1.0
c[38,1,30,31] = 1.0
c[40,1,27,31] = 1.0
c[42,1,22,23] = 1.0
c[42,1,30,31] = 1.0
c[43,0,22,27] = 1.0
c[43,1,23,28] = 1.0
c[47,1,28,29] = 1.0
c[49,1,23,31] = 1.0
c[49,1,29,31] = 1.0
c[51,1,15,29] = 1.0
c[56,0,11,24] = 1.0
c[56,1,15,19] = 1.0
c[58,1,19,21] = 1.0
c[60,1,29,30] = 1.0
c[61,0,19,20] = 1.0
c[62,0,20,22] = 1.0
c[62,0,24,26] = 1.0
c[63,1,13,25] = 1.0
c[65,1,18,25] = 1.0
c[68,1,15,22] = 1.0
c[70,1,14,20] = 1.0
c[72,1,20,22] = 1.0
c[73,1,17,22] = 1.0
c[76,0,2,11] = 1.0
c[77,1,14,16] = 1.0
c[79,1,6,12] = 1.0
c[80,1,1,15] = 1.0
c[82,0,3,8] = 1.0
c[83,1,6,8] = 1.0
c[85,0,11,16] = 1.0
c[86,0,4,9] = 1.0
c[86,1,0,4] = 1.0
c[87,0,0,14] = 1.0
c[87,0,16,18] = 1.0
c[87,1,4,6] = 1.0
c[88,0,0,1] = 1.0
c[90,0,1,3] = 1.0
c[90,0,2,11] = 1.0
c[91,0,3,8] = 1.0
c[92,0,1,5] = 1.0
c[92,0,8,10] = 1.0
c[92,0,11,12] = 1.0
c[92,1,10,12] = 1.0
c[94,0,10,11] = 1.0
c[95,0,8,12] = 1.0
c[95,1,1,2] = 1.0
c[96,0,2,8] = 1.0
c[96,1,8,12] = 1.0
c[97,1,2,11] = 1.0
c[99,0,3,7] = 1.0
c[99,1,11,21] = 1.0
c[100,0,4,21] = 1.0
c[101,1,4,16] = 1.0
c[102,0,0,6] = 1.0
c[102,1,3,14] = 1.0
c[104,1,16,22] = 1.0
c[105,0,17,18] = 1.0
c[106,1,2,8] = 1.0
c[107,0,10,14] = 1.0
c[108,1,14,15] = 1.0
c[109,0,13,14] = 1.0
c[110,0,14,17] = 1.0
c[110,1,10,14] = 1.0
c[111,0,4,13] = 1.0
c[111,0,11,17] = 1.0
c[112,1,14,20] = 1.0
c[113,0,10,14] = 1.0
c[113,0,17,20] = 1.0
c[114,0,14,21] = 1.0
c[114,1,20,22] = 1.0
c[115,0,9,27] = 1.0
c[115,1,9,10] = 1.0
c[120,1,2,13] = 1.0
c[123,1,9,20] = 1.0
c[125,1,0,5] = 1.0
c[126,0,2,10] = 1.0
c[126,1,5,10] = 1.0
c[127,1,10,11] = 1.0
c[129,0,1,11] = 1.0
c[129,1,15,21] = 1.0
c[130,0,7,11] = 1.0
c[131,0,11,14] = 1.0
c[131,1,12,14] = 1.0
c[132,0,2,13] = 1.0
c[133,1,7,12] = 1.0
c[135,1,10,14] = 1.0
c[136,1,6,7] = 1.0
c[137,0,8,18] = 1.0
c[137,1,7,13] = 1.0
c[139,0,5,11] = 1.0
c[140,0,18,21] = 1.0
c[141,0,11,19] = 1.0
c[142,0,2,9] = 1.0
c[144,0,1,20] = 1.0
c[146,0,1,6] = 1.0
c[146,1,15,19] = 1.0
c[147,0,6,12] = 1.0
c[148,0,1,24] = 1.0
c[148,1,9,13] = 1.0
c[149,0,12,14] = 1.0
c[150,0,15,24] = 1.0
c[151,1,16,21] = 1.0
c[152,1,10,15] = 1.0
c[153,1,5,20] = 1.0
c[154,1,21,23] = 1.0
c[157,1,20,22] = 2.0
c[158,1,7,16] = 1.0
c[160,1,12,13] = 1.0
c[161,0,11,12] = 1.0
c[161,1,13,15] = 1.0
c[162,1,14,16] = 1.0
c[162,1,15,16] = 1.0
c[163,1,16,18] = 1.0
c[164,1,8,12] = 1.0
c[168,0,2,28] = 1.0
c[169,1,0,11] = 1.0
c[170,0,6,10] = 1.0
c[171,0,0,12] = 1.0
c[171,1,0,13] = 1.0
c[173,1,6,17] = 1.0
c[174,0,7,9] = 1.0
c[176,1,8,23] = 1.0
c[177,1,5,10] = 1.0
c[180,0,1,18] = 1.0
c[180,1,9,16] = 1.0
c[182,1,2,7] = 1.0
c[184,0,12,14] = 1.0
c[185,0,3,12] = 1.0
c[190,1,6,8] = 1.0
c[191,0,3,7] = 1.0
c[191,1,2,12] = 1.0
c[192,0,7,15] = 1.0
c[192,1,0,4] = 1.0
c[193,1,0,5] = 1.0
c[193,1,4,12] = 1.0
c[193,1,12,14] = 1.0
c[194,1,5,16] = 1.0
c[195,1,0,14] = 1.0
c[198,0,7,11] = 1.0
c[198,1,6,14] = 1.0
c[199,0,11,13] = 1.0
c[200,1,4,8] = 1.0
c[205,0,2,5] = 1.0
c[205,1,0,4] = 1.0
c[206,0,2,7] = 1.0
c[206,0,5,15] = 1.0
c[206,1,0,12] = 1.0
c[206,1,1,9] = 1.0
c[208,0,0,11] = 1.0
c[208,1,9,14] = 1.0
c[209,1,3,4] = 1.0
c[211,0,11,16] = 1.0
c[212,0,0,4] = 1.0
c[213,0,4,18] = 1.0
c[213,0,7,11] = 1.0
c[213,0,16,19] = 1.0
c[213,1,4,9] = 1.0
c[214,0,11,22] = 1.0
c[214,1,6,7] = 1.0
c[216,1,9,15] = 1.0
c[218,0,3,4] = 1.0
c[219,0,4,5] = 1.0
c[219,1,14,26] = 1.0
c[220,0,5,15] = 1.0
c[221,1,7,26] = 1.0
c[222,0,14,19] = 1.0
c[222,1,7,11] = 1.0
c[225,1,11,13] = 1.0
c[227,1,3,8] = 1.0
c[228,0,11,19] = 1.0
c[229,1,18,22] = 1.0
c[232,0,1,18] = 1.0
c[232,1,0,1] = 1.0
c[233,1,1,13] = 1.0
c[233,1,15,16] = 1.0
c[236,1,10,11] = 1.0
c[236,1,13,20] = 1.0
c[237,0,10,12] = 1.0
c[237,1,11,13] = 1.0
c[238,1,8,13] = 1.0
c[238,1,14,16] = 1.0
c[239,1,16,21] = 1.0
c[240,1,8,21] = 1.0
c[241,0,16,23] = 1.0
c[241,1,21,28] = 1.0
c[244,0,1,23] = 1.0
c[246,0,1,5] = 1.0
c[247,0,5,11] = 1.0
c[251,1,7,17] = 1.0
c[252,1,5,7] = 1.0
c[253,0,16,18] = 1.0
c[253,1,7,15] = 1.0
c[253,1,19,28] = 1.0
c[254,1,3,4] = 1.0
c[255,1,15,20] = 1.0
c[256,1,14,15] = 1.0
c[257,0,0,24] = 1.0
c[258,1,9,16] = 1.0
c[259,0,11,14] = 1.0
c[262,1,10,12] = 1.0
c[263,0,8,21] = 1.0
c[264,1,8,12] = 1.0
c[264,1,20,23] = 1.0
c[266,1,20,29] = 1.0
c[267,0,8,16] = 1.0
c[267,1,4,8] = 1.0
c[270,0,4,6] = 1.0
c[271,0,13,15] = 1.0
c[273,1,2,26] = 1.0
c[274,1,7,12] = 1.0
c[276,0,7,8] = 1.0
c[276,1,12,20] = 1.0
c[277,0,8,10] = 1.0
c[277,1,21,30] = 1.0
c[278,0,0,4] = 1.0
c[279,0,4,8] = 1.0
c[280,1,6,8] = 1.0
c[281,0,16,17] = 1.0
c[281,1,8,14] = 1.0
c[282,0,17,22] = 1.0
c[282,1,4,5] = 1.0
c[283,0,22,26] = 1.0
c[283,1,5,11] = 1.0
c[286,1,18,22] = 1.0
c[286,1,30,31] = 1.0
c[287,0,7,8] = 1.0
c[289,1,6,7] = 1.0
c[290,1,7,8] = 1.0
s[108,0,1] = 4.0
s[202,0,1] = 4.0
