results
n[0,0,13] = 1.0
n[0,1,14] = 1.0
n[0,1,17] = 1.0
n[0,1,31] = 1.0
n[1,0,3] = 1.0
n[1,0,13] = 1.0
n[1,1,14] = 1.0
n[1,1,31] = 1.0
n[2,0,3] = 1.0
n[2,1,14] = 1.0
n[2,1,18] = 1.0
n[2,1,31] = 1.0
n[3,0,3] = 1.0
n[3,1,14] = 1.0
n[3,1,31] = 1.0
n[4,0,3] = 1.0
n[4,1,14] = 1.0
n[4,1,31] = 1.0
n[5,0,3] = 1.0
n[5,1,14] = 1.0
n[5,1,31] = 1.0
n[8,0,27] = 1.0
n[9,0,11] = 2.0
n[9,1,1] = 1.0
n[10,1,1] = 1.0
n[11,0,14] = 1.0
n[11,1,1] = 1.0
n[12,1,1] = 1.0
n[14,0,19] = 1.0
n[14,1,3] = 1.0
n[14,1,10] = 1.0
n[15,0,19] = 1.0
n[15,1,3] = 1.0
n[16,0,19] = 1.0
n[16,1,3] = 1.0
n[17,0,19] = 1.0
n[17,1,3] = 1.0
n[18,0,7] = 1.0
n[19,1,4] = 1.0
n[20,1,15] = 1.0
n[21,1,15] = 1.0
n[22,1,4] = 1.0
n[22,1,15] = 1.0
n[23,1,11] = 1.0
n[23,1,30] = 1.0
n[26,1,21] = 1.0
n[27,1,21] = 1.0
n[30,1,23] = 1.0
n[31,1,23] = 1.0
n[32,1,23] = 1.0
n[35,1,25] = 1.0
n[38,1,30] = 2.0
n[39,1,30] = 1.0
n[42,1,31] = 1.0
n[43,1,31] = 2.0
n[44,0,28] = 1.0
n[48,0,28] = 1.0
n[61,1,24] = 1.0
n[63,1,27] = 1.0
n[70,1,22] = 1.0
n[71,0,28] = 1.0
n[75,0,21] = 1.0
n[83,1,29] = 1.0
n[85,0,24] = 1.0
n[104,0,10] = 1.0
n[105,0,10] = 1.0
n[105,1,22] = 1.0
n[106,0,10] = 1.0
n[107,0,10] = 1.0
n[108,0,10] = 1.0
n[109,0,10] = 1.0
n[109,0,22] = 1.0
n[117,1,1] = 1.0
n[121,0,7] = 1.0
n[129,0,12] = 1.0
n[136,1,0] = 1.0
n[137,1,0] = 1.0
n[139,1,4] = 1.0
n[146,1,0] = 1.0
n[148,1,16] = 1.0
n[163,1,3] = 1.0
n[175,0,21] = 1.0
n[180,0,9] = 1.0
n[191,1,2] = 1.0
n[196,0,15] = 1.0
n[202,0,8] = 1.0
n[207,1,18] = 1.0
n[211,1,14] = 1.0
n[230,1,26] = 1.0
n[232,1,3] = 1.0
n[236,0,0] = 1.0
n[237,0,0] = 1.0
n[240,1,29] = 1.0
n[260,0,5] = 1.0
n[269,0,6] = 1.0
n[281,1,0] = 1.0
n[287,1,6] = 1.0
n[290,0,13] = 1.0
n[290,1,14] = 1.0
n[290,1,17] = 1.0
n[290,1,31] = 1.0
u[2,0,1,13] = 1.0
u[3,1,0,18] = 1.0
u[5,0,1,14] = 1.0
u[6,1,0,31] = 1.0
u[7,0,1,5] = 1.0
u[7,1,0,15] = 2.0
u[9,0,1,27] = 1.0
u[12,0,1,14] = 1.0
u[15,1,0,10] = 1.0
u[18,0,1,19] = 1.0
u[20,0,1,8] = 1.0
u[24,1,0,31] = 1.0
u[28,0,1,28] = 1.0
u[28,1,0,31] = 1.0
u[32,0,1,28] = 1.0
u[40,1,0,30] = 1.0
u[44,1,0,31] = 1.0
u[45,0,1,28] = 1.0
u[46,1,0,31] = 1.0
u[49,0,1,28] = 1.0
u[51,0,1,29] = 1.0
u[51,1,0,24] = 1.0
u[54,1,0,26] = 1.0
u[56,1,0,32] = 1.0
u[57,0,1,23] = 1.0
u[57,1,0,32] = 1.0
u[58,0,1,28] = 1.0
u[59,0,1,28] = 1.0
u[62,1,0,24] = 1.0
u[64,1,0,27] = 1.0
u[66,0,1,31] = 1.0
u[68,0,1,26] = 1.0
u[68,1,0,27] = 1.0
u[69,0,1,27] = 1.0
u[69,1,0,32] = 1.0
u[71,1,0,22] = 1.0
u[72,0,1,28] = 1.0
u[73,1,0,31] = 1.0
u[74,0,1,28] = 1.0
u[74,1,0,24] = 1.0
u[75,0,1,27] = 1.0
u[75,1,0,28] = 1.0
u[76,0,1,21] = 1.0
u[77,0,1,24] = 1.0
u[77,1,0,25] = 1.0
u[78,1,0,17] = 1.0
u[79,0,1,21] = 1.0
u[79,1,0,20] = 1.0
u[81,0,1,16] = 1.0
u[82,1,0,19] = 1.0
u[84,0,1,29] = 1.0
u[84,1,0,29] = 1.0
u[86,1,0,20] = 1.0
u[87,0,1,20] = 1.0
u[88,1,0,27] = 1.0
u[89,0,1,28] = 1.0
u[91,0,1,28] = 1.0
u[91,1,0,24] = 1.0
u[92,0,1,25] = 1.0
u[92,1,0,23] = 1.0
u[93,0,1,20] = 1.0
u[93,1,0,24] = 1.0
u[94,0,1,19] = 1.0
u[95,1,0,16] = 1.0
u[96,0,1,21] = 1.0
u[96,0,1,29] = 1.0
u[96,1,0,15] = 1.0
u[97,1,0,25] = 1.0
u[98,0,1,11] = 1.0
u[98,1,0,17] = 1.0
u[99,0,1,21] = 1.0
u[100,1,0,27] = 1.0
u[101,1,0,17] = 1.0
u[102,0,1,23] = 1.0
u[102,1,0,14] = 1.0
u[103,0,1,26] = 1.0
u[104,1,0,19] = 1.0
u[105,0,1,25] = 1.0
u[106,1,0,22] = 1.0
u[108,0,1,18] = 1.0
u[108,0,1,23] = 1.0
u[110,0,1,22] = 1.0
u[110,1,0,19] = 1.0
u[110,1,0,26] = 1.0
u[111,0,1,13] = 1.0
u[111,1,0,16] = 1.0
u[112,0,1,15] = 1.0
u[112,1,0,18] = 1.0
u[113,0,1,23] = 1.0
u[113,1,0,9] = 1.0
u[114,0,1,14] = 1.0
u[114,0,1,15] = 1.0
u[114,1,0,11] = 1.0
u[115,0,1,5] = 1.0
u[115,1,0,19] = 1.0
u[116,0,1,7] = 1.0
u[116,1,0,10] = 1.0
u[117,0,1,15] = 1.0
u[117,1,0,14] = 1.0
u[119,0,1,10] = 1.0
u[119,1,0,11] = 1.0
u[120,0,1,9] = 1.0
u[120,1,0,10] = 1.0
u[121,1,0,13] = 1.0
u[122,0,1,7] = 1.0
u[122,1,0,9] = 1.0
u[124,0,1,13] = 1.0
u[125,0,1,6] = 1.0
u[125,1,0,16] = 1.0
u[126,1,0,9] = 1.0
u[127,0,1,21] = 1.0
u[127,1,0,16] = 1.0
u[128,0,1,5] = 1.0
u[128,0,1,13] = 1.0
u[128,1,0,7] = 1.0
u[129,1,0,17] = 1.0
u[130,0,1,12] = 1.0
u[131,0,1,13] = 1.0
u[132,1,0,8] = 1.0
u[132,1,0,10] = 1.0
u[133,0,1,12] = 1.0
u[134,0,1,4] = 1.0
u[134,1,0,10] = 1.0
u[134,1,0,20] = 1.0
u[135,0,1,8] = 1.0
u[138,0,1,20] = 1.0
u[138,1,0,17] = 1.0
u[140,0,1,13] = 1.0
u[140,1,0,4] = 1.0
u[141,1,0,19] = 1.0
u[142,1,0,20] = 1.0
u[143,0,1,15] = 1.0
u[144,0,1,4] = 1.0
u[145,1,0,11] = 1.0
u[146,0,1,20] = 1.0
u[146,1,0,21] = 1.0
u[149,0,1,30] = 1.0
u[149,1,0,16] = 1.0
u[150,0,1,22] = 1.0
u[151,0,1,12] = 1.0
u[151,0,1,19] = 1.0
u[151,1,0,26] = 1.0
u[152,1,0,18] = 2.0
u[153,1,0,15] = 1.0
u[154,0,1,14] = 2.0
u[155,0,1,25] = 1.0
u[155,1,0,13] = 1.0
u[156,0,1,14] = 1.0
u[156,1,0,10] = 1.0
u[157,0,1,9] = 1.0
u[157,1,0,21] = 1.0
u[158,0,1,6] = 1.0
u[159,1,0,5] = 1.0
u[159,1,0,11] = 1.0
u[160,0,1,19] = 1.0
u[160,1,0,19] = 1.0
u[161,0,1,7] = 1.0
u[161,1,0,5] = 1.0
u[162,0,1,15] = 1.0
u[162,1,0,15] = 1.0
u[164,0,1,11] = 1.0
u[165,1,0,4] = 1.0
u[166,0,1,14] = 1.0
u[167,1,0,20] = 1.0
u[168,0,1,22] = 1.0
u[169,0,1,9] = 1.0
u[170,0,1,18] = 1.0
u[170,1,0,16] = 1.0
u[170,1,0,18] = 1.0
u[171,1,0,23] = 1.0
u[172,1,0,14] = 1.0
u[173,0,1,19] = 1.0
u[173,1,0,11] = 1.0
u[174,0,1,10] = 1.0
u[176,0,1,21] = 1.0
u[176,1,0,6] = 1.0
u[176,1,0,16] = 1.0
u[178,0,1,12] = 1.0
u[179,0,1,27] = 1.0
u[179,1,0,18] = 1.0
u[180,0,1,21] = 1.0
u[181,0,1,9] = 1.0
u[182,1,0,17] = 1.0
u[183,0,1,20] = 1.0
u[183,1,0,5] = 1.0
u[183,1,0,26] = 1.0
u[184,0,1,13] = 1.0
u[184,1,0,20] = 1.0
u[185,0,1,22] = 1.0
u[185,1,0,16] = 1.0
u[186,0,1,16] = 1.0
u[187,0,1,11] = 1.0
u[187,1,0,10] = 1.0
u[188,1,0,12] = 1.0
u[189,0,1,6] = 1.0
u[189,1,0,21] = 1.0
u[191,1,0,9] = 1.0
u[192,0,1,23] = 1.0
u[194,0,1,23] = 1.0
u[194,1,0,19] = 1.0
u[195,0,1,14] = 1.0
u[196,1,0,19] = 1.0
u[197,0,1,15] = 1.0
u[199,0,1,28] = 1.0
u[199,1,0,11] = 1.0
u[201,1,0,27] = 1.0
u[202,0,1,23] = 1.0
u[202,1,0,24] = 1.0
u[203,0,1,8] = 1.0
u[203,1,0,26] = 1.0
u[204,0,1,20] = 1.0
u[204,1,0,19] = 1.0
u[205,0,1,22] = 1.0
u[205,0,1,26] = 1.0
u[205,1,0,4] = 1.0
u[206,0,1,15] = 1.0
u[206,1,0,16] = 1.0
u[207,1,0,22] = 1.0
u[208,0,1,12] = 1.0
u[208,1,0,11] = 1.0
u[209,0,1,18] = 1.0
u[210,0,1,9] = 1.0
u[210,1,0,8] = 1.0
u[212,0,1,11] = 1.0
u[212,1,0,14] = 1.0
u[215,0,1,13] = 1.0
u[215,1,0,12] = 1.0
u[217,1,0,9] = 1.0
u[218,0,1,20] = 1.0
u[220,1,0,16] = 1.0
u[220,1,0,24] = 1.0
u[221,0,1,21] = 1.0
u[222,0,1,20] = 1.0
u[222,1,0,31] = 1.0
u[223,0,1,13] = 1.0
u[223,1,0,17] = 1.0
u[225,0,1,13] = 1.0
u[225,1,0,18] = 1.0
u[226,0,1,28] = 1.0
u[227,0,1,14] = 1.0
u[227,1,0,9] = 1.0
u[229,0,1,5] = 1.0
u[229,1,0,10] = 1.0
u[230,1,0,22] = 1.0
u[231,0,1,6] = 1.0
u[232,0,1,18] = 1.0
u[233,1,0,28] = 1.0
u[234,1,0,4] = 1.0
u[235,0,1,31] = 1.0
u[235,1,0,17] = 1.0
u[236,1,0,12] = 1.0
u[237,0,1,13] = 1.0
u[239,0,1,10] = 1.0
u[239,1,0,9] = 1.0
u[241,0,1,5] = 1.0
u[241,0,1,29] = 1.0
u[241,1,0,29] = 1.0
u[242,0,1,16] = 1.0
u[242,1,0,9] = 1.0
u[243,0,1,25] = 1.0
u[244,1,0,12] = 1.0
u[245,1,0,21] = 1.0
u[246,0,1,8] = 1.0
u[246,1,0,28] = 1.0
u[247,1,0,14] = 1.0
u[248,0,1,24] = 1.0
u[249,0,1,10] = 1.0
u[249,0,1,19] = 1.0
u[249,1,0,9] = 1.0
u[250,1,0,20] = 1.0
u[251,0,1,5] = 1.0
u[251,0,1,24] = 1.0
u[251,1,0,15] = 1.0
u[253,0,1,11] = 1.0
u[253,0,1,17] = 1.0
u[253,1,0,20] = 1.0
u[254,1,0,17] = 1.0
u[255,0,1,16] = 1.0
u[255,1,0,9] = 1.0
u[256,0,1,13] = 1.0
u[256,1,0,14] = 1.0
u[257,0,1,5] = 1.0
u[257,1,0,12] = 1.0
u[257,1,0,15] = 1.0
u[258,0,1,10] = 1.0
u[258,1,0,9] = 1.0
u[259,0,1,8] = 1.0
u[260,0,1,14] = 1.0
u[260,1,0,6] = 1.0
u[261,1,0,11] = 1.0
u[262,0,1,9] = 1.0
u[262,1,0,10] = 1.0
u[264,0,1,6] = 1.0
u[264,1,0,16] = 1.0
u[265,0,1,14] = 2.0
u[265,1,0,10] = 1.0
u[266,0,1,12] = 1.0
u[267,0,1,6] = 1.0
u[267,1,0,10] = 2.0
u[268,1,0,8] = 1.0
u[269,0,1,6] = 1.0
u[269,1,0,13] = 1.0
u[270,0,1,6] = 1.0
u[271,0,1,5] = 1.0
u[271,0,1,9] = 1.0
u[271,1,0,11] = 1.0
u[272,1,0,4] = 1.0
u[273,0,1,7] = 1.0
u[273,1,0,5] = 1.0
u[274,1,0,10] = 1.0
u[275,0,1,5] = 1.0
u[276,1,0,7] = 1.0
u[277,0,1,8] = 1.0
u[279,0,1,4] = 1.0
u[279,1,0,5] = 1.0
u[281,0,1,19] = 1.0
u[282,1,0,15] = 1.0
u[284,0,1,7] = 1.0
u[285,1,0,7] = 1.0
u[286,0,1,15] = 1.0
u[286,1,0,22] = 1.0
u[288,0,1,18] = 1.0
u[288,1,0,6] = 1.0
c[0,0,2,3] = 1.0
c[1,1,17,18] = 1.0
c[4,1,9,11] = 1.0
c[5,1,11,12] = 1.0
c[6,0,3,5] = 1.0
c[6,1,12,15] = 1.0
c[6,1,14,15] = 1.0
c[7,1,10,14] = 1.0
c[8,1,14,17] = 1.0
c[9,1,17,20] = 1.0
c[10,0,11,14] = 2.0
c[11,0,14,15] = 1.0
c[11,1,20,21] = 1.0
c[11,1,23,26] = 1.0
c[12,0,15,19] = 1.0
c[12,1,21,22] = 1.0
c[13,1,1,3] = 1.0
c[13,1,22,24] = 1.0
c[13,1,26,27] = 1.0
c[14,1,27,28] = 1.0
c[15,1,24,25] = 1.0
c[16,1,25,27] = 1.0
c[16,1,28,29] = 1.0
c[17,0,6,7] = 1.0
c[18,1,3,4] = 1.0
c[18,1,27,30] = 1.0
c[18,1,29,30] = 1.0
c[19,0,7,8] = 1.0
c[20,1,4,6] = 1.0
c[20,1,30,31] = 1.0
c[21,1,6,11] = 1.0
c[23,1,4,5] = 1.0
c[23,1,15,21] = 1.0
c[24,1,5,7] = 1.0
c[24,1,11,15] = 1.0
c[24,1,30,31] = 1.0
c[25,1,7,16] = 1.0
c[26,0,27,28] = 1.0
c[26,1,15,23] = 1.0
c[28,1,16,28] = 1.0
c[28,1,21,23] = 1.0
c[29,1,23,25] = 1.0
c[30,0,27,28] = 1.0
c[30,1,24,25] = 1.0
c[31,1,25,29] = 2.0
c[33,1,23,25] = 1.0
c[34,1,24,29] = 1.0
c[35,1,28,31] = 1.0
c[36,1,25,31] = 1.0
c[36,1,29,30] = 2.0
c[39,1,29,31] = 1.0
c[39,1,30,31] = 1.0
c[42,0,26,28] = 1.0
c[44,1,31,32] = 1.0
c[45,1,31,32] = 1.0
c[46,0,27,28] = 1.0
c[47,1,24,31] = 1.0
c[48,0,27,29] = 1.0
c[53,0,20,22] = 1.0
c[53,1,25,26] = 1.0
c[54,0,22,23] = 1.0
c[55,0,23,24] = 1.0
c[56,0,22,23] = 1.0
c[56,0,24,31] = 1.0
c[57,1,31,32] = 1.0
c[59,1,19,29] = 1.0
c[60,1,24,27] = 1.0
c[64,0,20,26] = 1.0
c[66,0,23,27] = 1.0
c[67,1,29,30] = 1.0
c[69,1,30,31] = 1.0
c[70,0,23,28] = 1.0
c[71,1,23,28] = 1.0
c[73,0,18,21] = 1.0
c[76,0,20,28] = 1.0
c[76,1,24,25] = 1.0
c[77,1,23,29] = 1.0
c[80,0,13,24] = 1.0
c[81,1,17,19] = 1.0
c[82,0,28,29] = 1.0
c[83,1,12,20] = 1.0
c[84,0,15,16] = 1.0
c[85,0,16,20] = 1.0
c[86,0,24,27] = 1.0
c[86,0,25,28] = 1.0
c[86,1,25,27] = 1.0
c[88,0,16,25] = 1.0
c[89,0,27,28] = 1.0
c[89,1,16,23] = 1.0
c[90,0,23,29] = 1.0
c[94,1,21,25] = 1.0
c[95,0,20,21] = 1.0
c[97,0,12,26] = 1.0
c[98,1,25,27] = 1.0
c[100,0,13,25] = 1.0
c[100,1,7,14] = 1.0
c[103,0,13,22] = 1.0
c[106,0,15,22] = 1.0
c[107,0,22,23] = 1.0
c[107,1,21,23] = 1.0
c[108,1,23,26] = 1.0
c[110,0,10,13] = 1.0
c[110,1,14,16] = 1.0
c[112,0,22,23] = 1.0
c[113,0,12,15] = 1.0
c[116,1,11,14] = 1.0
c[118,0,6,8] = 1.0
c[118,1,1,13] = 1.0
c[118,1,3,10] = 1.0
c[119,0,8,9] = 1.0
c[121,1,6,9] = 1.0
c[122,0,6,21] = 1.0
c[122,1,5,16] = 1.0
c[123,0,9,13] = 1.0
c[124,0,5,6] = 1.0
c[124,1,3,16] = 1.0
c[127,0,12,13] = 1.0
c[127,1,2,7] = 1.0
c[130,0,3,7] = 1.0
c[130,1,1,10] = 1.0
c[130,1,9,20] = 1.0
c[131,0,7,9] = 1.0
c[132,0,9,12] = 1.0
c[133,1,9,10] = 1.0
c[134,0,6,8] = 1.0
c[135,1,8,17] = 1.0
c[136,0,6,30] = 1.0
c[136,0,16,20] = 1.0
c[137,1,4,19] = 1.0
c[138,1,0,4] = 1.0
c[140,1,16,20] = 1.0
c[142,0,0,3] = 1.0
c[142,1,9,16] = 1.0
c[143,0,3,4] = 1.0
c[144,0,16,20] = 1.0
c[144,1,16,21] = 1.0
c[147,0,7,19] = 1.0
c[147,1,0,18] = 1.0
c[148,0,17,22] = 1.0
c[153,0,22,25] = 1.0
c[153,1,8,13] = 1.0
c[155,0,11,14] = 1.0
c[156,1,10,18] = 1.0
c[158,1,10,11] = 1.0
c[159,0,17,19] = 1.0
c[159,1,18,19] = 1.0
c[160,1,2,5] = 1.0
c[161,0,1,8] = 1.0
c[163,0,1,10] = 1.0
c[163,0,8,22] = 1.0
c[164,1,3,4] = 1.0
c[164,1,11,14] = 1.0
c[165,0,10,14] = 1.0
c[165,1,14,20] = 1.0
c[166,1,7,23] = 1.0
c[167,0,0,4] = 1.0
c[168,0,4,9] = 1.0
c[168,1,10,16] = 1.0
c[169,0,16,18] = 1.0
c[171,1,5,11] = 1.0
c[172,0,12,21] = 1.0
c[172,0,14,27] = 1.0
c[175,0,7,8] = 1.0
c[175,1,15,16] = 1.0
c[176,0,8,21] = 1.0
c[178,0,2,9] = 1.0
c[178,1,17,18] = 1.0
c[180,1,8,18] = 1.0
c[181,0,14,20] = 1.0
c[181,1,23,26] = 1.0
c[183,1,18,20] = 1.0
c[185,0,1,11] = 1.0
c[186,1,9,10] = 1.0
c[187,0,12,22] = 1.0
c[187,1,18,21] = 1.0
c[189,1,7,8] = 1.0
c[190,0,8,25] = 1.0
c[190,1,8,9] = 1.0
c[191,0,17,23] = 1.0
c[191,0,22,23] = 1.0
c[192,1,2,26] = 1.0
c[193,0,5,14] = 1.0
c[196,0,25,28] = 1.0
c[197,1,10,24] = 1.0
c[198,0,15,22] = 1.0
c[200,1,26,27] = 1.0
c[201,0,7,8] = 1.0
c[201,0,22,23] = 1.0
c[201,1,24,26] = 1.0
c[203,0,23,26] = 1.0
c[207,0,0,6] = 1.0
c[208,1,18,21] = 1.0
c[209,0,6,9] = 1.0
c[210,0,7,8] = 1.0
c[210,1,21,31] = 1.0
c[211,0,8,11] = 1.0
c[212,0,4,6] = 1.0
c[212,1,5,11] = 1.0
c[213,0,6,13] = 1.0
c[214,0,10,14] = 1.0
c[214,1,7,24] = 1.0
c[214,1,11,12] = 1.0
c[215,0,14,18] = 1.0
c[217,0,8,21] = 1.0
c[217,0,18,20] = 1.0
c[219,0,5,31] = 1.0
c[222,0,12,13] = 1.0
c[224,0,27,28] = 1.0
c[224,1,16,18] = 1.0
c[225,1,9,12] = 1.0
c[226,1,12,22] = 1.0
c[228,1,24,26] = 1.0
c[231,1,1,3] = 1.0
c[231,1,26,28] = 1.0
c[233,1,2,10] = 1.0
c[233,1,3,4] = 1.0
c[234,1,14,17] = 1.0
c[235,0,24,26] = 1.0
c[235,1,10,12] = 1.0
c[237,0,26,29] = 1.0
c[237,1,27,29] = 1.0
c[238,0,0,5] = 1.0
c[238,0,8,10] = 1.0
c[239,0,5,16] = 1.0
c[241,1,6,9] = 1.0
c[243,1,1,5] = 1.0
c[243,1,25,28] = 1.0
c[244,0,5,12] = 1.0
c[244,1,5,8] = 1.0
c[245,1,8,10] = 1.0
c[246,0,12,24] = 1.0
c[246,1,10,14] = 1.0
c[247,0,17,18] = 1.0
c[248,0,18,19] = 1.0
c[248,1,4,9] = 1.0
c[251,1,6,17] = 1.0
c[252,0,16,17] = 1.0
c[253,1,1,9] = 1.0
c[255,1,7,15] = 1.0
c[255,1,13,14] = 1.0
c[259,0,11,14] = 1.0
c[259,1,1,11] = 1.0
c[261,0,5,9] = 1.0
c[261,1,4,13] = 1.0
c[262,0,2,11] = 1.0
c[263,0,7,14] = 1.0
c[263,1,13,16] = 1.0
c[264,0,11,14] = 1.0
c[264,1,5,10] = 1.0
c[266,1,2,7] = 1.0
c[267,1,7,10] = 1.0
c[268,1,10,13] = 1.0
c[269,1,2,7] = 1.0
c[270,0,4,5] = 1.0
c[270,1,7,11] = 1.0
c[271,1,2,4] = 1.0
c[272,1,2,10] = 1.0
c[273,1,1,26] = 1.0
c[274,0,0,5] = 1.0
c[275,0,1,8] = 1.0
c[275,1,3,7] = 1.0
c[276,0,6,7] = 1.0
c[277,0,7,19] = 1.0
c[277,1,1,2] = 1.0
c[278,0,3,4] = 1.0
c[278,1,2,5] = 1.0
c[279,1,4,15] = 1.0
c[281,0,1,2] = 1.0
c[281,1,26,27] = 1.0
c[282,0,2,4] = 1.0
c[282,1,0,6] = 1.0
c[282,1,27,31] = 1.0
c[283,0,4,7] = 1.0
c[283,1,15,22] = 1.0
c[284,0,11,13] = 1.0
c[284,1,6,7] = 1.0
c[285,0,13,15] = 1.0
c[286,1,3,6] = 1.0
c[287,0,3,13] = 1.0
c[288,1,11,17] = 1.0
c[290,0,2,3] = 1.0
s[248,0,1] = 3.0
s[250,0,1] = 4.0
s[266,0,1] = 4.0
