results
n[0,0,4] = 1.0
n[0,1,4] = 1.0
n[0,1,6] = 1.0
n[1,0,4] = 1.0
n[1,1,3] = 1.0
n[1,1,6] = 1.0
n[2,1,3] = 1.0
n[2,1,5] = 1.0
n[3,1,2] = 1.0
n[3,1,3] = 1.0
n[4,1,2] = 1.0
n[4,1,3] = 1.0
n[5,1,3] = 1.0
n[8,1,1] = 1.0
n[9,1,1] = 1.0
n[9,1,14] = 1.0
n[10,0,3] = 1.0
n[10,1,1] = 1.0
n[11,0,3] = 1.0
n[11,0,14] = 1.0
n[11,1,1] = 1.0
n[13,1,2] = 1.0
n[14,1,10] = 1.0
n[15,0,16] = 1.0
n[15,1,3] = 1.0
n[16,1,1] = 1.0
n[16,1,11] = 1.0
n[17,1,4] = 1.0
n[17,1,11] = 1.0
n[18,1,4] = 1.0
n[18,1,11] = 1.0
n[19,1,3] = 1.0
n[20,1,26] = 1.0
n[22,1,10] = 1.0
n[23,1,19] = 1.0
n[28,1,26] = 2.0
n[29,1,7] = 1.0
n[31,1,11] = 1.0
n[33,1,13] = 2.0
n[41,0,26] = 1.0
n[54,0,28] = 1.0
n[55,0,20] = 1.0
n[56,0,20] = 1.0
n[62,0,30] = 1.0
n[65,1,26] = 1.0
n[67,0,27] = 1.0
n[74,1,27] = 1.0
n[86,1,17] = 1.0
n[90,1,25] = 1.0
n[96,0,25] = 1.0
n[111,0,14] = 1.0
n[114,1,12] = 1.0
n[125,0,12] = 1.0
n[126,0,12] = 1.0
n[142,1,6] = 1.0
n[146,1,8] = 1.0
n[153,0,8] = 1.0
n[165,0,12] = 1.0
n[168,0,6] = 1.0
n[170,0,4] = 1.0
n[178,0,26] = 1.0
n[190,1,8] = 1.0
n[199,0,2] = 1.0
n[209,1,20] = 1.0
n[213,0,22] = 1.0
n[222,0,21] = 1.0
n[223,1,22] = 1.0
n[236,1,25] = 1.0
n[236,1,30] = 1.0
n[237,1,30] = 1.0
n[238,1,10] = 1.0
n[243,1,21] = 2.0
n[243,1,24] = 1.0
n[244,1,21] = 2.0
n[247,0,17] = 1.0
n[249,1,13] = 1.0
n[253,0,15] = 1.0
n[281,1,5] = 1.0
n[282,1,5] = 1.0
n[290,0,4] = 1.0
n[290,1,4] = 1.0
n[290,1,6] = 1.0
u[1,0,1,6] = 1.0
u[2,0,1,4] = 1.0
u[3,1,0,8] = 1.0
u[5,0,1,4] = 1.0
u[6,1,0,7] = 1.0
u[7,1,0,13] = 1.0
u[8,1,0,7] = 1.0
u[9,0,1,4] = 1.0
u[12,0,1,14] = 1.0
u[13,1,0,20] = 1.0
u[14,0,1,5] = 1.0
u[20,0,1,22] = 1.0
u[20,1,0,6] = 1.0
u[25,0,1,9] = 1.0
u[25,1,0,29] = 1.0
u[26,1,0,18] = 1.0
u[27,0,1,25] = 1.0
u[29,0,1,15] = 1.0
u[29,1,0,26] = 1.0
u[33,0,1,24] = 1.0
u[35,1,0,30] = 1.0
u[37,0,1,26] = 1.0
u[39,1,0,30] = 1.0
u[41,1,0,28] = 1.0
u[42,0,1,26] = 1.0
u[43,0,1,24] = 1.0
u[45,1,0,20] = 1.0
u[47,1,0,30] = 1.0
u[49,0,1,26] = 1.0
u[50,1,0,31] = 1.0
u[52,0,1,27] = 1.0
u[53,1,0,24] = 1.0
u[55,0,1,28] = 1.0
u[55,1,0,31] = 1.0
u[57,0,1,20] = 1.0
u[57,1,0,24] = 1.0
u[59,1,0,16] = 1.0
u[61,0,1,12] = 1.0
u[62,1,0,32] = 1.0
u[63,0,1,30] = 1.0
u[64,1,0,12] = 1.0
u[65,1,0,31] = 1.0
u[67,0,1,11] = 1.0
u[68,1,0,28] = 1.0
u[70,0,1,24] = 1.0
u[71,0,1,31] = 1.0
u[71,1,0,12] = 1.0
u[72,0,1,31] = 1.0
u[73,1,0,27] = 1.0
u[74,0,1,10] = 1.0
u[74,1,0,24] = 1.0
u[75,0,1,23] = 1.0
u[76,0,1,31] = 1.0
u[77,0,1,21] = 1.0
u[77,1,0,8] = 1.0
u[77,1,0,19] = 1.0
u[79,1,0,17] = 1.0
u[80,0,1,6] = 1.0
u[81,1,0,29] = 1.0
u[83,1,0,31] = 1.0
u[84,0,1,21] = 1.0
u[85,1,0,11] = 1.0
u[86,0,1,28] = 1.0
u[88,0,1,29] = 2.0
u[88,1,0,24] = 1.0
u[89,0,1,14] = 1.0
u[89,1,0,21] = 1.0
u[90,1,0,25] = 1.0
u[91,0,1,22] = 1.0
u[91,1,0,25] = 1.0
u[92,0,1,18] = 1.0
u[92,1,0,13] = 1.0
u[94,0,1,24] = 1.0
u[94,1,0,20] = 1.0
u[96,0,1,16] = 1.0
u[97,1,0,22] = 1.0
u[98,0,1,20] = 1.0
u[98,1,0,24] = 1.0
u[99,0,1,18] = 1.0
u[100,0,1,20] = 1.0
u[100,1,0,16] = 1.0
u[102,0,1,12] = 1.0
u[103,1,0,19] = 1.0
u[104,0,1,30] = 1.0
u[104,1,0,25] = 1.0
u[105,0,1,15] = 1.0
u[105,1,0,12] = 1.0
u[106,0,1,21] = 1.0
u[106,1,0,26] = 1.0
u[107,1,0,26] = 1.0
u[108,0,1,11] = 1.0
u[108,1,0,14] = 1.0
u[109,1,0,18] = 1.0
u[110,0,1,10] = 1.0
u[111,0,1,24] = 1.0
u[111,0,1,26] = 1.0
u[111,1,0,9] = 1.0
u[113,0,1,16] = 1.0
u[113,1,0,22] = 1.0
u[115,0,1,18] = 1.0
u[115,1,0,12] = 2.0
u[116,0,1,15] = 1.0
u[116,1,0,25] = 1.0
u[117,0,1,8] = 1.0
u[117,1,0,14] = 1.0
u[118,0,1,21] = 1.0
u[119,0,1,14] = 1.0
u[120,0,1,14] = 1.0
u[120,1,0,16] = 1.0
u[120,1,0,17] = 1.0
u[122,0,1,13] = 1.0
u[122,1,0,10] = 1.0
u[123,1,0,16] = 1.0
u[124,1,0,20] = 1.0
u[125,0,1,21] = 1.0
u[126,0,1,13] = 1.0
u[126,1,0,15] = 1.0
u[127,0,1,12] = 1.0
u[127,1,0,17] = 1.0
u[128,0,1,11] = 1.0
u[128,0,1,20] = 1.0
u[128,1,0,9] = 1.0
u[129,0,1,13] = 1.0
u[129,1,0,8] = 1.0
u[130,0,1,5] = 1.0
u[130,1,0,16] = 1.0
u[131,1,0,9] = 2.0
u[132,0,1,6] = 1.0
u[132,0,1,12] = 1.0
u[133,0,1,5] = 1.0
u[133,1,0,6] = 1.0
u[135,0,1,13] = 1.0
u[135,1,0,11] = 1.0
u[136,0,1,5] = 1.0
u[136,1,0,10] = 1.0
u[137,0,1,7] = 1.0
u[137,1,0,9] = 1.0
u[138,1,0,14] = 1.0
u[139,0,1,8] = 1.0
u[139,1,0,4] = 1.0
u[140,0,1,10] = 1.0
u[140,1,0,6] = 1.0
u[141,0,1,8] = 1.0
u[141,1,0,4] = 1.0
u[143,1,0,4] = 1.0
u[144,0,1,12] = 1.0
u[145,0,1,10] = 1.0
u[145,1,0,8] = 1.0
u[146,0,1,4] = 1.0
u[146,0,1,11] = 1.0
u[147,0,1,4] = 1.0
u[147,1,0,6] = 1.0
u[147,1,0,8] = 1.0
u[149,0,1,4] = 1.0
u[150,1,0,12] = 1.0
u[151,0,1,10] = 1.0
u[151,1,0,12] = 1.0
u[152,0,1,8] = 1.0
u[153,1,0,4] = 1.0
u[153,1,0,6] = 1.0
u[154,0,1,8] = 1.0
u[155,1,0,9] = 1.0
u[155,1,0,22] = 1.0
u[157,0,1,8] = 1.0
u[157,0,1,9] = 1.0
u[158,1,0,11] = 1.0
u[159,0,1,14] = 1.0
u[159,0,1,21] = 1.0
u[159,1,0,5] = 1.0
u[161,0,1,10] = 1.0
u[161,1,0,11] = 1.0
u[161,1,0,17] = 1.0
u[163,0,1,11] = 1.0
u[163,1,0,16] = 1.0
u[166,0,1,12] = 1.0
u[166,1,0,10] = 1.0
u[168,0,1,22] = 1.0
u[168,1,0,8] = 1.0
u[169,0,1,6] = 1.0
u[170,0,1,27] = 1.0
u[170,1,0,18] = 1.0
u[172,1,0,6] = 1.0
u[172,1,0,23] = 1.0
u[173,0,1,6] = 1.0
u[173,1,0,28] = 1.0
u[175,0,1,24] = 1.0
u[176,0,1,9] = 1.0
u[176,1,0,7] = 1.0
u[177,0,1,25] = 1.0
u[177,1,0,20] = 1.0
u[179,0,1,26] = 1.0
u[179,1,0,21] = 1.0
u[181,0,1,17] = 1.0
u[181,1,0,22] = 1.0
u[182,0,1,20] = 1.0
u[183,0,1,18] = 1.0
u[183,0,1,20] = 1.0
u[183,1,0,13] = 1.0
u[183,1,0,21] = 1.0
u[185,0,1,17] = 1.0
u[185,1,0,16] = 1.0
u[186,1,0,16] = 1.0
u[187,0,1,12] = 1.0
u[187,1,0,13] = 1.0
u[187,1,0,22] = 1.0
u[188,0,1,12] = 1.0
u[189,0,1,9] = 1.0
u[189,0,1,18] = 1.0
u[189,0,1,21] = 1.0
u[189,1,0,8] = 1.0
u[191,0,1,4] = 1.0
u[191,1,0,5] = 1.0
u[191,1,0,8] = 1.0
u[193,0,1,4] = 1.0
u[194,1,0,22] = 1.0
u[195,0,1,7] = 1.0
u[197,1,0,6] = 1.0
u[198,0,1,21] = 1.0
u[199,1,0,20] = 1.0
u[200,1,0,17] = 1.0
u[201,0,1,16] = 1.0
u[202,0,1,13] = 1.0
u[203,1,0,12] = 1.0
u[204,0,1,18] = 1.0
u[204,1,0,9] = 1.0
u[205,1,0,31] = 1.0
u[206,0,1,12] = 1.0
u[207,0,1,27] = 1.0
u[207,1,0,28] = 1.0
u[208,1,0,8] = 1.0
u[209,0,1,24] = 1.0
u[210,1,0,20] = 1.0
u[211,1,0,26] = 1.0
u[212,0,1,12] = 1.0
u[212,0,1,24] = 1.0
u[214,0,1,21] = 1.0
u[214,1,0,20] = 1.0
u[215,1,0,26] = 1.0
u[217,0,1,22] = 1.0
u[217,1,0,18] = 1.0
u[219,0,1,28] = 1.0
u[219,1,0,18] = 1.0
u[220,1,0,25] = 1.0
u[221,0,1,14] = 1.0
u[221,0,1,26] = 1.0
u[222,1,0,25] = 1.0
u[223,0,1,21] = 1.0
u[224,1,0,22] = 1.0
u[225,0,1,22] = 1.0
u[227,0,1,28] = 1.0
u[227,1,0,18] = 1.0
u[229,0,1,14] = 1.0
u[229,1,0,24] = 1.0
u[230,1,0,26] = 1.0
u[231,0,1,20] = 1.0
u[231,1,0,10] = 1.0
u[232,0,1,22] = 1.0
u[233,0,1,6] = 1.0
u[233,1,0,16] = 1.0
u[234,0,1,29] = 1.0
u[234,1,0,18] = 1.0
u[236,0,1,14] = 1.0
u[237,0,1,18] = 1.0
u[237,1,0,25] = 1.0
u[238,1,0,30] = 1.0
u[239,0,1,21] = 1.0
u[239,1,0,15] = 1.0
u[241,0,1,11] = 1.0
u[243,1,0,7] = 1.0
u[244,0,1,29] = 1.0
u[244,1,0,24] = 1.0
u[245,1,0,21] = 2.0
u[246,0,1,20] = 1.0
u[246,1,0,25] = 1.0
u[247,0,1,17] = 1.0
u[248,0,1,17] = 1.0
u[248,1,0,16] = 1.0
u[249,0,1,23] = 1.0
u[250,1,0,13] = 2.0
u[251,0,1,19] = 1.0
u[251,1,0,19] = 1.0
u[252,0,1,9] = 2.0
u[252,0,1,17] = 1.0
u[253,1,0,15] = 1.0
u[254,0,1,15] = 1.0
u[254,1,0,5] = 1.0
u[255,0,1,11] = 1.0
u[255,1,0,16] = 1.0
u[256,1,0,11] = 2.0
u[258,0,1,13] = 1.0
u[258,1,0,8] = 1.0
u[259,0,1,10] = 1.0
u[260,0,1,4] = 1.0
u[260,0,1,18] = 1.0
u[260,1,0,9] = 1.0
u[261,0,1,17] = 1.0
u[262,0,1,5] = 1.0
u[262,1,0,14] = 1.0
u[263,1,0,14] = 1.0
u[264,1,0,15] = 1.0
u[265,0,1,10] = 1.0
u[265,0,1,14] = 1.0
u[265,1,0,13] = 1.0
u[266,0,1,11] = 1.0
u[266,1,0,8] = 1.0
u[267,0,1,9] = 1.0
u[267,1,0,6] = 1.0
u[267,1,0,10] = 1.0
u[268,0,1,4] = 1.0
u[268,1,0,7] = 1.0
u[269,0,1,6] = 1.0
u[269,1,0,5] = 1.0
u[271,0,1,11] = 1.0
u[272,0,1,9] = 1.0
u[272,1,0,10] = 1.0
u[273,1,0,11] = 1.0
u[274,0,1,6] = 1.0
u[274,0,1,13] = 1.0
u[275,0,1,7] = 1.0
u[275,1,0,9] = 1.0
u[276,1,0,9] = 1.0
u[277,0,1,5] = 1.0
u[277,1,0,19] = 1.0
u[278,0,1,5] = 1.0
u[279,1,0,9] = 1.0
u[280,0,1,16] = 1.0
u[280,1,0,5] = 1.0
u[282,0,1,8] = 1.0
u[282,1,0,22] = 1.0
u[283,1,0,5] = 1.0
u[283,1,0,14] = 1.0
u[284,0,1,18] = 1.0
u[284,1,0,4] = 1.0
u[286,0,1,12] = 1.0
u[286,0,1,13] = 1.0
u[286,1,0,14] = 1.0
u[287,0,1,4] = 1.0
u[287,0,1,7] = 1.0
u[288,0,1,10] = 1.0
u[288,1,0,8] = 1.0
u[288,1,0,9] = 1.0
c[0,0,5,6] = 1.0
c[0,1,2,3] = 1.0
c[1,1,4,5] = 1.0
c[2,1,6,8] = 1.0
c[3,1,5,9] = 1.0
c[4,1,0,7] = 1.0
c[4,1,9,11] = 1.0
c[5,1,2,9] = 1.0
c[5,1,11,12] = 1.0
c[6,1,3,6] = 1.0
c[6,1,12,13] = 1.0
c[7,1,0,1] = 1.0
c[7,1,6,7] = 1.0
c[7,1,9,12] = 1.0
c[8,0,3,4] = 1.0
c[8,1,12,14] = 1.0
c[9,0,9,14] = 1.0
c[10,1,14,17] = 1.0
c[11,1,0,14] = 1.0
c[11,1,17,20] = 1.0
c[12,0,3,4] = 1.0
c[12,1,1,2] = 1.0
c[13,0,4,5] = 1.0
c[14,1,2,3] = 1.0
c[14,1,14,22] = 1.0
c[15,1,10,11] = 1.0
c[16,0,16,17] = 1.0
c[16,1,3,4] = 1.0
c[17,0,17,20] = 1.0
c[17,1,1,2] = 1.0
c[17,1,22,26] = 1.0
c[18,1,2,3] = 1.0
c[19,0,20,22] = 1.0
c[19,1,4,6] = 1.0
c[19,1,11,12] = 1.0
c[20,1,3,10] = 1.0
c[20,1,12,16] = 1.0
c[21,1,26,29] = 1.0
c[22,0,2,8] = 1.0
c[22,1,16,19] = 1.0
c[22,1,18,19] = 1.0
c[23,1,10,18] = 1.0
c[24,0,8,9] = 1.0
c[24,1,19,26] = 2.0
c[27,1,5,6] = 1.0
c[28,0,14,15] = 1.0
c[28,1,6,7] = 1.0
c[29,1,21,24] = 1.0
c[29,1,26,28] = 1.0
c[30,1,7,9] = 1.0
c[31,0,22,24] = 1.0
c[31,1,9,11] = 1.0
c[31,1,24,27] = 1.0
c[31,1,28,30] = 1.0
c[32,1,11,13] = 2.0
c[34,1,13,17] = 2.0
c[34,1,27,30] = 1.0
c[35,1,20,28] = 1.0
c[36,1,17,26] = 2.0
c[39,1,22,30] = 1.0
c[41,1,26,31] = 2.0
c[44,1,22,31] = 1.0
c[47,0,16,28] = 1.0
c[50,1,31,32] = 1.0
c[51,1,22,24] = 1.0
c[54,1,23,31] = 1.0
c[57,0,27,30] = 1.0
c[59,0,20,22] = 1.0
c[60,0,22,26] = 1.0
c[63,0,26,31] = 1.0
c[63,1,8,12] = 1.0
c[64,0,28,31] = 1.0
c[66,0,8,11] = 1.0
c[66,1,26,28] = 1.0
c[68,0,27,31] = 1.0
c[69,1,7,12] = 1.0
c[72,1,20,24] = 1.0
c[73,0,8,10] = 1.0
c[75,1,27,31] = 1.0
c[76,0,20,21] = 1.0
c[76,1,6,8] = 1.0
c[78,1,27,29] = 1.0
c[79,0,4,6] = 1.0
c[79,0,15,28] = 1.0
c[81,0,13,16] = 1.0
c[82,0,16,21] = 1.0
c[82,1,2,10] = 1.0
c[83,0,25,29] = 1.0
c[84,1,10,11] = 1.0
c[85,0,27,29] = 1.0
c[87,0,7,14] = 1.0
c[87,1,17,21] = 1.0
c[90,0,20,22] = 1.0
c[91,0,17,18] = 1.0
c[91,1,10,13] = 1.0
c[92,0,21,24] = 1.0
c[93,0,21,25] = 1.0
c[93,1,18,20] = 1.0
c[94,0,9,16] = 1.0
c[94,1,14,24] = 1.0
c[96,0,16,20] = 1.0
c[96,1,20,22] = 1.0
c[97,0,25,29] = 1.0
c[98,1,12,16] = 1.0
c[100,1,16,25] = 1.0
c[101,1,14,19] = 1.0
c[102,0,29,30] = 1.0
c[102,1,16,26] = 1.0
c[104,1,8,12] = 1.0
c[107,0,8,11] = 1.0
c[107,1,11,14] = 1.0
c[108,0,22,23] = 1.0
c[108,1,17,18] = 1.0
c[109,0,22,24] = 1.0
c[109,0,23,26] = 1.0
c[110,1,7,9] = 1.0
c[112,0,14,16] = 1.0
c[112,1,6,12] = 1.0
c[113,0,5,15] = 1.0
c[113,1,20,25] = 1.0
c[117,0,8,14] = 1.0
c[118,1,11,16] = 1.0
c[119,0,10,14] = 1.0
c[119,1,4,20] = 1.0
c[121,1,10,16] = 1.0
c[122,0,12,21] = 1.0
c[124,0,6,13] = 1.0
c[124,1,9,15] = 1.0
c[126,0,16,20] = 1.0
c[130,1,7,9] = 1.0
c[131,0,4,6] = 1.0
c[132,1,1,6] = 1.0
c[133,0,5,13] = 1.0
c[134,1,2,7] = 1.0
c[134,1,8,11] = 1.0
c[135,0,2,5] = 1.0
c[135,1,1,14] = 1.0
c[135,1,7,10] = 1.0
c[138,0,6,8] = 1.0
c[138,1,1,4] = 1.0
c[139,0,5,6] = 1.0
c[139,1,3,6] = 1.0
c[140,0,6,8] = 1.0
c[141,0,0,8] = 1.0
c[142,0,2,12] = 1.0
c[143,0,0,2] = 1.0
c[143,0,8,9] = 1.0
c[143,1,6,7] = 1.0
c[144,0,2,7] = 1.0
c[144,0,9,10] = 1.0
c[144,1,7,8] = 1.0
c[145,0,0,4] = 1.0
c[145,0,7,11] = 1.0
c[148,1,0,12] = 1.0
c[148,1,7,12] = 1.0
c[149,0,2,10] = 1.0
c[149,1,0,22] = 1.0
c[151,1,0,2] = 1.0
c[152,1,2,4] = 1.0
c[154,1,4,9] = 1.0
c[155,0,0,8] = 1.0
c[155,0,2,9] = 1.0
c[156,1,4,11] = 1.0
c[157,0,5,14] = 1.0
c[157,0,18,21] = 1.0
c[159,1,4,11] = 1.0
c[160,0,7,10] = 1.0
c[161,0,1,11] = 1.0
c[161,1,10,16] = 1.0
c[163,0,7,10] = 1.0
c[163,0,13,25] = 1.0
c[163,1,6,28] = 1.0
c[164,0,10,22] = 1.0
c[165,1,7,10] = 1.0
c[168,0,25,27] = 1.0
c[171,0,4,5] = 1.0
c[171,1,2,6] = 1.0
c[172,0,5,6] = 1.0
c[172,0,14,26] = 1.0
c[174,0,2,4] = 1.0
c[174,0,19,25] = 1.0
c[175,0,4,9] = 1.0
c[175,1,2,7] = 1.0
c[178,0,3,20] = 1.0
c[178,1,5,21] = 1.0
c[179,0,16,19] = 1.0
c[181,0,19,20] = 1.0
c[184,1,16,22] = 1.0
c[185,0,9,21] = 1.0
c[185,1,14,16] = 1.0
c[191,1,14,22] = 1.0
c[191,1,17,28] = 1.0
c[193,0,1,7] = 1.0
c[193,1,0,18] = 1.0
c[195,1,0,6] = 1.0
c[196,0,18,21] = 1.0
c[197,1,3,28] = 1.0
c[198,1,18,20] = 1.0
c[198,1,28,31] = 1.0
c[200,0,2,18] = 1.0
c[205,0,8,12] = 1.0
c[206,0,5,24] = 1.0
c[206,1,14,16] = 1.0
c[207,1,16,20] = 1.0
c[209,1,23,26] = 1.0
c[210,0,4,12] = 1.0
c[211,1,20,26] = 1.0
c[212,0,16,21] = 1.0
c[214,0,22,28] = 1.0
c[214,1,8,18] = 1.0
c[216,0,16,26] = 1.0
c[216,1,17,25] = 1.0
c[219,0,14,21] = 1.0
c[221,1,24,25] = 1.0
c[222,0,21,28] = 1.0
c[223,1,10,26] = 1.0
c[224,0,21,22] = 1.0
c[225,1,17,24] = 1.0
c[226,0,18,29] = 1.0
c[229,1,24,30] = 1.0
c[235,0,12,18] = 1.0
c[235,1,2,9] = 1.0
c[237,1,9,15] = 1.0
c[239,1,10,17] = 1.0
c[239,1,14,24] = 1.0
c[240,0,26,29] = 1.0
c[241,1,17,21] = 2.0
c[245,0,3,14] = 1.0
c[248,0,14,16] = 1.0
c[248,0,21,23] = 1.0
c[249,0,16,19] = 1.0
c[250,0,12,17] = 1.0
c[254,1,5,11] = 1.0
c[254,1,13,16] = 1.0
c[256,0,1,15] = 1.0
c[257,0,12,13] = 1.0
c[257,1,7,8] = 1.0
c[258,0,7,10] = 2.0
c[259,0,10,17] = 1.0
c[259,0,15,18] = 1.0
c[261,1,6,14] = 1.0
c[262,1,0,13] = 1.0
c[263,1,13,15] = 1.0
c[264,0,10,14] = 1.0
c[264,1,1,8] = 1.0
c[269,0,2,11] = 1.0
c[270,0,3,8] = 1.0
c[270,1,0,10] = 1.0
c[271,0,1,13] = 1.0
c[271,0,8,9] = 1.0
c[271,1,2,11] = 1.0
c[273,1,7,19] = 1.0
c[274,1,5,9] = 1.0
c[276,1,2,22] = 1.0
c[277,1,3,9] = 1.0
c[279,0,15,16] = 1.0
c[279,1,1,5] = 1.0
c[280,1,1,5] = 1.0
c[281,0,5,8] = 1.0
c[282,0,1,5] = 1.0
c[282,1,12,14] = 1.0
c[283,0,5,7] = 1.0
c[284,0,7,12] = 1.0
c[285,0,1,7] = 1.0
c[285,0,10,13] = 1.0
c[286,0,0,4] = 1.0
c[289,1,0,2] = 1.0
c[289,1,3,4] = 1.0
c[290,0,5,6] = 1.0
c[290,1,2,3] = 1.0
s[115,0,1] = 2.0
s[182,1,0] = 3.0
s[252,0,1] = 4.0
s[260,1,0] = 3.0
s[288,0,1] = 3.0
