results
n[0,0,2] = 1.0
n[0,0,13] = 1.0
n[0,0,18] = 1.0
n[0,1,3] = 2.0
n[1,0,18] = 1.0
n[1,1,3] = 2.0
n[2,0,18] = 1.0
n[2,1,3] = 2.0
n[3,1,3] = 2.0
n[4,1,3] = 2.0
n[4,1,10] = 1.0
n[5,1,3] = 2.0
n[8,1,6] = 1.0
n[9,0,9] = 1.0
n[11,1,8] = 2.0
n[12,1,8] = 2.0
n[13,1,8] = 2.0
n[14,1,5] = 2.0
n[14,1,8] = 1.0
n[16,1,7] = 2.0
n[16,1,10] = 1.0
n[17,0,4] = 1.0
n[17,1,10] = 1.0
n[18,0,6] = 1.0
n[18,1,8] = 2.0
n[18,1,10] = 1.0
n[20,1,11] = 1.0
n[22,0,5] = 2.0
n[22,1,4] = 1.0
n[23,0,5] = 2.0
n[24,1,10] = 1.0
n[26,0,8] = 1.0
n[28,1,20] = 1.0
n[29,0,11] = 1.0
n[31,1,12] = 1.0
n[34,1,18] = 1.0
n[42,1,28] = 1.0
n[45,1,24] = 1.0
n[46,0,28] = 1.0
n[57,0,30] = 1.0
n[61,1,32] = 1.0
n[66,0,28] = 1.0
n[76,1,30] = 1.0
n[88,1,28] = 1.0
n[91,0,24] = 1.0
n[93,0,15] = 1.0
n[94,1,20] = 1.0
n[95,0,24] = 1.0
n[140,1,4] = 1.0
n[148,1,6] = 1.0
n[149,1,1] = 1.0
n[149,1,6] = 1.0
n[150,1,1] = 1.0
n[162,1,11] = 1.0
n[163,1,4] = 1.0
n[170,0,10] = 1.0
n[171,1,3] = 1.0
n[173,0,6] = 1.0
n[175,0,17] = 1.0
n[180,0,20] = 1.0
n[181,0,12] = 1.0
n[192,1,1] = 1.0
n[193,1,1] = 1.0
n[195,1,4] = 1.0
n[202,0,10] = 1.0
n[203,1,13] = 1.0
n[211,1,0] = 1.0
n[211,1,11] = 1.0
n[212,0,0] = 1.0
n[212,1,11] = 1.0
n[216,0,7] = 1.0
n[221,0,27] = 1.0
n[221,1,6] = 1.0
n[224,0,15] = 1.0
n[228,1,15] = 1.0
n[279,1,5] = 1.0
n[280,1,5] = 1.0
n[284,0,6] = 1.0
n[285,0,6] = 1.0
n[286,0,6] = 1.0
n[286,1,22] = 1.0
n[287,0,7] = 2.0
n[287,1,22] = 1.0
n[290,0,2] = 1.0
n[290,0,13] = 1.0
n[290,0,18] = 1.0
n[290,1,3] = 2.0
u[1,0,1,13] = 1.0
u[3,0,1,18] = 1.0
u[4,0,1,7] = 1.0
u[5,1,0,14] = 1.0
u[7,0,1,10] = 1.0
u[7,1,0,13] = 1.0
u[8,1,0,9] = 2.0
u[10,0,1,5] = 2.0
u[12,0,1,11] = 1.0
u[14,1,0,8] = 1.0
u[15,1,0,8] = 1.0
u[18,0,1,4] = 1.0
u[20,0,1,7] = 1.0
u[20,1,0,9] = 2.0
u[23,1,0,18] = 1.0
u[25,0,1,14] = 1.0
u[27,0,1,8] = 1.0
u[27,1,0,15] = 1.0
u[29,0,1,16] = 1.0
u[31,0,1,13] = 1.0
u[36,1,0,28] = 1.0
u[42,1,0,31] = 1.0
u[43,0,1,28] = 1.0
u[47,0,1,28] = 1.0
u[50,1,0,31] = 1.0
u[53,1,0,30] = 1.0
u[60,1,0,31] = 1.0
u[61,0,1,30] = 1.0
u[62,1,0,32] = 1.0
u[64,1,0,32] = 1.0
u[65,0,1,29] = 1.0
u[67,1,0,29] = 1.0
u[68,0,1,30] = 1.0
u[69,0,1,25] = 1.0
u[69,1,0,27] = 1.0
u[71,0,1,23] = 1.0
u[71,1,0,21] = 1.0
u[73,0,1,32] = 1.0
u[73,1,0,19] = 1.0
u[75,1,0,28] = 1.0
u[77,1,0,30] = 1.0
u[78,0,1,26] = 1.0
u[80,1,0,22] = 1.0
u[81,0,1,28] = 1.0
u[83,0,1,19] = 1.0
u[83,1,0,24] = 1.0
u[84,0,1,30] = 1.0
u[86,0,1,32] = 1.0
u[86,1,0,26] = 1.0
u[87,1,0,20] = 1.0
u[88,0,1,22] = 1.0
u[89,0,1,31] = 1.0
u[89,1,0,28] = 1.0
u[90,0,1,18] = 1.0
u[91,1,0,19] = 1.0
u[92,0,1,24] = 1.0
u[92,1,0,14] = 1.0
u[93,1,0,28] = 1.0
u[94,0,1,15] = 1.0
u[95,1,0,20] = 1.0
u[96,0,1,17] = 1.0
u[96,0,1,24] = 1.0
u[96,1,0,11] = 1.0
u[97,0,1,31] = 1.0
u[98,0,1,18] = 1.0
u[98,1,0,20] = 1.0
u[99,0,1,11] = 1.0
u[101,1,0,17] = 1.0
u[102,0,1,20] = 1.0
u[102,1,0,29] = 1.0
u[103,1,0,25] = 1.0
u[104,1,0,16] = 1.0
u[105,0,1,18] = 1.0
u[105,1,0,21] = 1.0
u[106,0,1,12] = 1.0
u[107,0,1,28] = 1.0
u[107,1,0,14] = 1.0
u[109,0,1,27] = 1.0
u[109,1,0,24] = 1.0
u[110,1,0,16] = 1.0
u[111,0,1,20] = 1.0
u[111,1,0,23] = 1.0
u[112,0,1,26] = 1.0
u[113,0,1,19] = 1.0
u[113,1,0,16] = 1.0
u[114,0,1,17] = 1.0
u[114,1,0,22] = 1.0
u[115,0,1,22] = 1.0
u[115,1,0,15] = 1.0
u[116,0,1,15] = 1.0
u[116,0,1,18] = 1.0
u[117,0,1,11] = 1.0
u[117,1,0,16] = 1.0
u[118,1,0,11] = 1.0
u[118,1,0,14] = 1.0
u[119,0,1,12] = 1.0
u[119,1,0,21] = 1.0
u[120,1,0,9] = 1.0
u[121,0,1,11] = 1.0
u[121,0,1,17] = 1.0
u[121,1,0,8] = 1.0
u[123,0,1,20] = 1.0
u[123,1,0,7] = 1.0
u[124,0,1,14] = 1.0
u[124,1,0,16] = 1.0
u[125,0,1,13] = 1.0
u[125,1,0,16] = 1.0
u[126,0,1,8] = 1.0
u[126,0,1,12] = 1.0
u[126,1,0,10] = 1.0
u[127,0,1,12] = 1.0
u[127,1,0,9] = 1.0
u[128,0,1,6] = 1.0
u[128,1,0,8] = 1.0
u[129,0,1,5] = 1.0
u[129,1,0,8] = 1.0
u[130,0,1,4] = 1.0
u[130,1,0,13] = 1.0
u[131,0,1,4] = 1.0
u[131,1,0,5] = 1.0
u[132,0,1,9] = 1.0
u[133,1,0,10] = 1.0
u[134,0,1,5] = 1.0
u[134,1,0,5] = 1.0
u[134,1,0,7] = 1.0
u[135,1,0,8] = 1.0
u[136,0,1,8] = 1.0
u[137,0,1,4] = 1.0
u[137,1,0,5] = 1.0
u[138,0,1,11] = 1.0
u[138,1,0,4] = 1.0
u[140,0,1,16] = 1.0
u[140,1,0,7] = 1.0
u[141,0,1,4] = 1.0
u[141,1,0,4] = 1.0
u[142,1,0,12] = 1.0
u[143,0,1,18] = 1.0
u[144,0,1,8] = 1.0
u[144,1,0,5] = 1.0
u[145,0,1,13] = 1.0
u[146,0,1,10] = 1.0
u[146,1,0,4] = 1.0
u[147,0,1,5] = 1.0
u[147,1,0,9] = 1.0
u[148,1,0,20] = 1.0
u[149,0,1,5] = 1.0
u[150,0,1,16] = 1.0
u[151,1,0,9] = 1.0
u[153,0,1,5] = 1.0
u[153,0,1,18] = 1.0
u[153,1,0,13] = 1.0
u[154,1,0,12] = 2.0
u[155,0,1,9] = 1.0
u[156,1,0,15] = 1.0
u[157,0,1,11] = 1.0
u[157,1,0,5] = 1.0
u[158,0,1,11] = 1.0
u[158,0,1,14] = 1.0
u[158,1,0,14] = 1.0
u[160,0,1,10] = 1.0
u[160,1,0,10] = 1.0
u[161,0,1,8] = 1.0
u[161,1,0,14] = 1.0
u[162,0,1,6] = 1.0
u[163,0,1,10] = 1.0
u[163,1,0,11] = 1.0
u[165,1,0,9] = 1.0
u[166,0,1,8] = 1.0
u[167,0,1,5] = 1.0
u[167,1,0,11] = 1.0
u[168,1,0,14] = 1.0
u[169,0,1,7] = 1.0
u[170,1,0,22] = 1.0
u[171,0,1,10] = 1.0
u[171,1,0,10] = 1.0
u[173,0,1,20] = 1.0
u[173,1,0,21] = 1.0
u[174,0,1,6] = 1.0
u[174,1,0,7] = 1.0
u[175,1,0,16] = 2.0
u[176,0,1,17] = 1.0
u[179,0,1,15] = 1.0
u[179,1,0,16] = 1.0
u[181,0,1,20] = 1.0
u[181,1,0,11] = 1.0
u[182,0,1,12] = 1.0
u[183,0,1,7] = 1.0
u[183,1,0,16] = 1.0
u[184,0,1,26] = 1.0
u[185,0,1,12] = 1.0
u[185,1,0,27] = 1.0
u[186,1,0,22] = 1.0
u[187,1,0,8] = 1.0
u[188,0,1,18] = 1.0
u[189,0,1,4] = 1.0
u[190,1,0,14] = 1.0
u[191,1,0,26] = 1.0
u[192,0,1,10] = 1.0
u[193,0,1,22] = 1.0
u[193,1,0,26] = 1.0
u[195,0,1,22] = 1.0
u[195,1,0,18] = 1.0
u[196,1,0,14] = 1.0
u[197,0,1,14] = 1.0
u[197,1,0,18] = 1.0
u[198,0,1,31] = 1.0
u[199,0,1,14] = 1.0
u[199,1,0,10] = 1.0
u[200,1,0,15] = 1.0
u[201,0,1,17] = 1.0
u[202,0,1,11] = 1.0
u[202,1,0,14] = 1.0
u[203,0,1,10] = 1.0
u[204,0,1,10] = 1.0
u[204,1,0,7] = 1.0
u[204,1,0,13] = 1.0
u[207,0,1,4] = 1.0
u[207,1,0,8] = 1.0
u[208,0,1,14] = 1.0
u[208,1,0,31] = 1.0
u[209,0,1,4] = 1.0
u[210,1,0,4] = 1.0
u[212,0,1,28] = 1.0
u[213,1,0,11] = 1.0
u[214,1,0,24] = 1.0
u[215,0,1,7] = 1.0
u[216,1,0,13] = 1.0
u[218,0,1,9] = 1.0
u[218,1,0,30] = 1.0
u[219,1,0,9] = 1.0
u[220,0,1,26] = 1.0
u[222,0,1,27] = 1.0
u[222,1,0,6] = 1.0
u[224,0,1,25] = 1.0
u[224,1,0,23] = 1.0
u[225,0,1,4] = 1.0
u[225,0,1,15] = 1.0
u[225,1,0,26] = 1.0
u[226,0,1,19] = 1.0
u[226,1,0,21] = 1.0
u[227,1,0,11] = 1.0
u[228,0,1,17] = 1.0
u[229,1,0,15] = 1.0
u[230,0,1,9] = 1.0
u[231,1,0,16] = 1.0
u[232,0,1,13] = 1.0
u[232,1,0,5] = 1.0
u[233,0,1,12] = 1.0
u[234,1,0,22] = 1.0
u[235,0,1,30] = 1.0
u[235,1,0,8] = 1.0
u[236,0,1,9] = 1.0
u[236,0,1,18] = 1.0
u[236,1,0,16] = 1.0
u[237,0,1,4] = 1.0
u[237,1,0,26] = 1.0
u[238,0,1,12] = 1.0
u[238,1,0,5] = 1.0
u[238,1,0,14] = 1.0
u[240,0,1,10] = 1.0
u[240,1,0,8] = 1.0
u[243,0,1,27] = 1.0
u[243,1,0,10] = 1.0
u[245,0,1,19] = 1.0
u[245,1,0,23] = 1.0
u[246,0,1,10] = 1.0
u[246,0,1,16] = 1.0
u[246,1,0,24] = 1.0
u[247,0,1,19] = 1.0
u[247,1,0,15] = 1.0
u[248,0,1,20] = 1.0
u[248,1,0,6] = 1.0
u[248,1,0,12] = 1.0
u[249,0,1,11] = 1.0
u[249,1,0,15] = 1.0
u[250,0,1,8] = 1.0
u[250,1,0,16] = 1.0
u[251,0,1,5] = 1.0
u[251,0,1,11] = 1.0
u[251,1,0,7] = 1.0
u[253,0,1,13] = 1.0
u[253,1,0,9] = 1.0
u[255,0,1,5] = 1.0
u[255,1,0,9] = 2.0
u[256,0,1,14] = 1.0
u[257,0,1,5] = 1.0
u[257,1,0,21] = 1.0
u[258,0,1,9] = 1.0
u[258,1,0,10] = 1.0
u[259,0,1,17] = 1.0
u[259,1,0,10] = 1.0
u[260,1,0,5] = 1.0
u[261,0,1,10] = 1.0
u[262,1,0,16] = 1.0
u[263,0,1,11] = 1.0
u[263,1,0,17] = 1.0
u[264,0,1,12] = 1.0
u[264,1,0,10] = 1.0
u[265,0,1,13] = 1.0
u[265,0,1,14] = 1.0
u[265,1,0,7] = 1.0
u[266,0,1,6] = 1.0
u[266,1,0,8] = 1.0
u[268,0,1,4] = 1.0
u[268,0,1,8] = 1.0
u[269,1,0,5] = 1.0
u[269,1,0,12] = 1.0
u[270,1,0,4] = 1.0
u[270,1,0,16] = 1.0
u[271,0,1,8] = 1.0
u[272,1,0,10] = 1.0
u[273,0,1,4] = 1.0
u[273,0,1,11] = 1.0
u[274,0,1,18] = 1.0
u[274,1,0,9] = 1.0
u[276,0,1,5] = 1.0
u[276,1,0,14] = 1.0
u[277,0,1,17] = 1.0
u[278,1,0,17] = 1.0
u[279,1,0,12] = 1.0
u[279,1,0,13] = 1.0
u[280,0,1,13] = 1.0
u[280,0,1,17] = 1.0
u[281,0,1,8] = 1.0
u[281,1,0,5] = 1.0
u[282,1,0,9] = 1.0
u[283,0,1,15] = 1.0
u[285,0,1,6] = 1.0
u[285,1,0,11] = 2.0
u[287,0,1,6] = 1.0
u[288,0,1,7] = 1.0
u[288,1,0,6] = 1.0
u[288,1,0,22] = 1.0
c[1,0,2,4] = 1.0
c[2,0,4,5] = 1.0
c[3,0,5,7] = 1.0
c[3,1,9,10] = 1.0
c[5,1,10,11] = 1.0
c[6,1,3,5] = 1.0
c[6,1,3,7] = 2.0
c[6,1,11,13] = 1.0
c[7,1,5,6] = 1.0
c[7,1,7,9] = 2.0
c[9,1,6,7] = 2.0
c[10,0,9,10] = 1.0
c[10,1,7,8] = 2.0
c[11,0,10,11] = 1.0
c[12,1,1,3] = 2.0
c[13,1,3,5] = 2.0
c[14,1,7,9] = 1.0
c[15,1,5,7] = 2.0
c[15,1,9,10] = 1.0
c[16,0,4,5] = 1.0
c[17,0,5,6] = 1.0
c[17,1,7,8] = 2.0
c[19,0,6,7] = 1.0
c[19,1,8,9] = 2.0
c[19,1,10,11] = 1.0
c[20,1,0,1] = 1.0
c[21,1,1,4] = 1.0
c[21,1,11,18] = 1.0
c[22,1,3,10] = 1.0
c[23,1,4,20] = 1.0
c[24,0,5,6] = 2.0
c[25,0,6,8] = 1.0
c[25,0,6,12] = 1.0
c[25,1,10,13] = 1.0
c[26,1,13,15] = 1.0
c[27,0,12,16] = 1.0
c[27,1,10,25] = 1.0
c[29,1,4,17] = 1.0
c[29,1,20,26] = 1.0
c[30,0,11,13] = 1.0
c[32,1,12,19] = 1.0
c[33,1,9,14] = 1.0
c[33,1,17,18] = 1.0
c[33,1,25,28] = 1.0
c[33,1,26,31] = 1.0
c[35,1,14,15] = 1.0
c[35,1,18,21] = 1.0
c[35,1,19,27] = 1.0
c[36,1,15,21] = 1.0
c[37,1,21,27] = 1.0
c[38,0,24,27] = 1.0
c[39,1,21,24] = 1.0
c[40,1,27,28] = 1.0
c[41,0,27,28] = 1.0
c[41,1,24,30] = 1.0
c[41,1,27,31] = 1.0
c[43,1,28,31] = 1.0
c[44,0,27,28] = 1.0
c[46,1,24,30] = 1.0
c[48,1,30,31] = 1.0
c[49,1,24,26] = 1.0
c[49,1,31,32] = 1.0
c[51,1,26,31] = 1.0
c[52,0,27,30] = 1.0
c[52,1,31,32] = 1.0
c[55,0,26,30] = 1.0
c[58,0,30,32] = 1.0
c[62,0,27,29] = 1.0
c[63,1,26,29] = 1.0
c[64,0,28,29] = 1.0
c[66,0,29,30] = 1.0
c[67,0,28,31] = 1.0
c[67,1,25,27] = 1.0
c[70,1,26,30] = 1.0
c[73,0,17,26] = 1.0
c[74,0,31,32] = 1.0
c[75,0,15,31] = 1.0
c[77,0,24,30] = 1.0
c[79,0,26,28] = 1.0
c[82,0,18,19] = 1.0
c[85,0,20,31] = 1.0
c[85,1,15,20] = 1.0
c[89,0,16,18] = 1.0
c[90,1,18,19] = 1.0
c[91,1,27,28] = 1.0
c[94,0,10,17] = 1.0
c[97,0,16,18] = 1.0
c[98,0,7,11] = 1.0
c[98,1,13,25] = 1.0
c[99,1,27,29] = 1.0
c[100,0,16,20] = 1.0
c[100,1,14,17] = 1.0
c[101,1,7,21] = 1.0
c[103,0,13,18] = 1.0
c[104,0,25,28] = 1.0
c[105,0,21,27] = 1.0
c[107,0,17,26] = 1.0
c[108,1,8,16] = 1.0
c[109,0,10,12] = 1.0
c[110,0,12,19] = 1.0
c[112,0,12,17] = 1.0
c[113,0,19,21] = 1.0
c[114,0,21,22] = 1.0
c[115,0,12,15] = 1.0
c[116,1,13,16] = 1.0
c[117,1,18,21] = 1.0
c[119,1,7,9] = 1.0
c[120,0,7,11] = 1.0
c[120,0,10,20] = 1.0
c[122,0,5,14] = 1.0
c[123,0,4,13] = 1.0
c[123,1,13,16] = 1.0
c[125,0,3,8] = 1.0
c[128,1,4,13] = 1.0
c[130,1,2,5] = 1.0
c[131,1,1,10] = 1.0
c[132,1,0,4] = 1.0
c[133,0,1,5] = 1.0
c[133,1,0,3] = 1.0
c[133,1,4,7] = 1.0
c[134,1,3,8] = 1.0
c[135,0,6,8] = 1.0
c[136,0,1,11] = 1.0
c[136,0,3,7] = 1.0
c[136,1,1,5] = 1.0
c[137,0,7,16] = 1.0
c[139,0,1,18] = 1.0
c[139,1,0,4] = 1.0
c[140,0,0,4] = 1.0
c[142,0,3,4] = 1.0
c[143,0,0,8] = 1.0
c[143,0,4,13] = 1.0
c[143,1,0,5] = 1.0
c[145,0,8,10] = 1.0
c[145,1,14,19] = 1.0
c[146,0,1,5] = 1.0
c[147,1,19,20] = 1.0
c[148,0,0,18] = 1.0
c[150,1,6,9] = 1.0
c[151,1,1,12] = 2.0
c[152,1,12,13] = 1.0
c[155,1,1,14] = 1.0
c[155,1,14,15] = 1.0
c[156,0,8,11] = 2.0
c[157,0,11,14] = 1.0
c[159,0,1,8] = 1.0
c[159,1,7,14] = 1.0
c[160,1,7,9] = 1.0
c[161,1,9,11] = 1.0
c[162,1,6,7] = 1.0
c[163,1,7,8] = 1.0
c[164,1,2,9] = 1.0
c[164,1,4,11] = 1.0
c[164,1,8,9] = 1.0
c[165,0,7,8] = 1.0
c[165,1,6,11] = 1.0
c[166,1,9,14] = 1.0
c[166,1,11,22] = 1.0
c[168,1,4,12] = 1.0
c[169,1,1,6] = 1.0
c[170,1,6,10] = 1.0
c[170,1,12,21] = 1.0
c[172,0,18,20] = 1.0
c[172,1,3,16] = 1.0
c[173,1,6,7] = 1.0
c[176,0,3,15] = 1.0
c[176,1,2,12] = 1.0
c[177,0,12,20] = 2.0
c[178,1,12,27] = 1.0
c[178,1,13,16] = 1.0
c[180,0,20,26] = 1.0
c[184,1,8,26] = 1.0
c[185,1,3,26] = 1.0
c[187,0,23,31] = 1.0
c[191,1,0,1] = 1.0
c[194,1,1,4] = 1.0
c[194,1,6,14] = 1.0
c[196,1,4,5] = 1.0
c[197,1,5,15] = 1.0
c[198,0,10,15] = 1.0
c[200,0,15,17] = 1.0
c[200,1,27,31] = 1.0
c[201,0,6,10] = 1.0
c[201,1,10,14] = 1.0
c[205,1,6,24] = 1.0
c[206,0,3,4] = 1.0
c[206,0,9,14] = 1.0
c[206,1,6,8] = 1.0
c[209,1,0,4] = 1.0
c[210,0,27,28] = 1.0
c[210,1,10,11] = 1.0
c[211,1,24,30] = 1.0
c[212,1,0,3] = 1.0
c[213,0,0,6] = 1.0
c[213,1,3,13] = 1.0
c[215,0,6,7] = 1.0
c[216,0,20,27] = 1.0
c[217,0,7,9] = 1.0
c[217,1,3,9] = 1.0
c[218,0,9,25] = 1.0
c[220,1,5,6] = 1.0
c[221,0,5,15] = 1.0
c[222,1,22,26] = 1.0
c[224,0,2,4] = 1.0
c[227,0,22,30] = 1.0
c[227,1,0,13] = 1.0
c[229,0,7,9] = 1.0
c[230,1,13,16] = 2.0
c[231,0,11,13] = 1.0
c[231,1,16,22] = 1.0
c[234,0,1,9] = 1.0
c[234,1,9,16] = 1.0
c[239,0,22,23] = 1.0
c[239,1,0,20] = 1.0
c[240,0,1,15] = 1.0
c[240,0,23,27] = 1.0
c[242,0,4,15] = 1.0
c[242,1,6,10] = 1.0
c[243,0,15,19] = 1.0
c[244,1,20,24] = 1.0
c[245,0,6,10] = 1.0
c[245,0,15,16] = 1.0
c[250,0,2,5] = 1.0
c[252,0,12,13] = 1.0
c[252,1,4,9] = 1.0
c[253,0,3,14] = 1.0
c[253,1,1,9] = 1.0
c[253,1,7,21] = 1.0
c[257,0,5,9] = 1.0
c[257,1,1,10] = 1.0
c[259,1,1,17] = 1.0
c[260,0,6,10] = 1.0
c[261,0,6,8] = 1.0
c[261,1,13,16] = 1.0
c[262,0,1,14] = 1.0
c[262,0,8,11] = 1.0
c[263,1,6,10] = 1.0
c[267,0,3,8] = 1.0
c[267,1,9,11] = 1.0
c[267,1,10,11] = 1.0
c[268,1,2,5] = 1.0
c[268,1,11,12] = 1.0
c[268,1,11,16] = 1.0
c[270,1,0,10] = 1.0
c[271,0,1,11] = 1.0
c[272,0,0,4] = 1.0
c[272,0,12,18] = 1.0
c[273,1,4,9] = 1.0
c[274,0,6,17] = 1.0
c[275,1,0,7] = 1.0
c[275,1,7,11] = 1.0
c[276,1,11,14] = 1.0
c[277,1,7,12] = 1.0
c[277,1,14,17] = 1.0
c[278,0,10,17] = 1.0
c[278,1,1,5] = 1.0
c[281,0,9,13] = 1.0
c[282,0,13,15] = 1.0
c[282,1,13,22] = 1.0
c[283,0,1,6] = 1.0
c[283,1,4,11] = 1.0
c[284,0,5,6] = 1.0
c[287,1,2,6] = 1.0
c[288,0,7,13] = 1.0
c[289,1,2,3] = 1.0
s[98,0,1] = 4.0
s[174,0,1] = 4.0
