results
n[0,0,2] = 1.0
n[0,0,9] = 1.0
n[0,1,3] = 1.0
n[0,1,4] = 1.0
n[0,1,20] = 1.0
n[10,1,6] = 1.0
n[13,1,3] = 2.0
n[14,0,6] = 1.0
n[17,1,2] = 1.0
n[17,1,13] = 1.0
n[18,1,2] = 1.0
n[19,1,8] = 1.0
n[20,1,8] = 1.0
n[20,1,13] = 2.0
n[21,1,4] = 1.0
n[21,1,13] = 2.0
n[22,1,4] = 1.0
n[24,1,5] = 1.0
n[26,1,21] = 1.0
n[27,0,1] = 1.0
n[27,1,21] = 1.0
n[28,1,26] = 1.0
n[29,1,23] = 1.0
n[30,1,23] = 1.0
n[31,0,9] = 1.0
n[37,1,29] = 1.0
n[41,0,26] = 1.0
n[42,1,31] = 1.0
n[43,1,31] = 1.0
n[44,1,31] = 1.0
n[45,1,31] = 1.0
n[48,1,31] = 1.0
n[53,1,23] = 1.0
n[54,1,23] = 1.0
n[55,1,26] = 1.0
n[74,0,27] = 1.0
n[82,1,25] = 1.0
n[83,1,25] = 1.0
n[83,1,31] = 1.0
n[84,1,31] = 1.0
n[85,1,11] = 1.0
n[85,1,31] = 1.0
n[86,1,31] = 1.0
n[87,1,31] = 1.0
n[100,1,24] = 1.0
n[105,1,24] = 1.0
n[110,0,14] = 1.0
n[111,0,14] = 1.0
n[117,1,5] = 1.0
n[143,0,2] = 1.0
n[168,0,0] = 1.0
n[169,1,1] = 1.0
n[172,1,0] = 1.0
n[181,0,16] = 1.0
n[184,0,11] = 1.0
n[187,0,9] = 1.0
n[189,0,18] = 1.0
n[196,1,23] = 1.0
n[197,1,23] = 1.0
n[286,0,4] = 1.0
n[290,0,2] = 1.0
n[290,0,9] = 1.0
n[290,1,3] = 1.0
n[290,1,4] = 1.0
n[290,1,20] = 1.0
u[1,1,0,4] = 1.0
u[1,1,0,20] = 1.0
u[2,0,1,4] = 1.0
u[2,0,1,10] = 1.0
u[3,0,1,16] = 1.0
u[3,1,0,8] = 1.0
u[4,1,0,6] = 1.0
u[5,0,1,4] = 1.0
u[5,0,1,8] = 1.0
u[5,1,0,12] = 1.0
u[7,0,1,7] = 1.0
u[7,0,1,8] = 1.0
u[7,1,0,4] = 1.0
u[7,1,0,7] = 1.0
u[9,1,0,10] = 1.0
u[10,0,1,5] = 2.0
u[10,1,0,6] = 1.0
u[11,0,1,6] = 1.0
u[14,1,0,13] = 1.0
u[15,0,1,6] = 1.0
u[17,0,1,12] = 1.0
u[18,1,0,13] = 1.0
u[20,0,1,9] = 1.0
u[25,1,0,5] = 1.0
u[28,1,0,26] = 1.0
u[30,0,1,22] = 1.0
u[31,1,0,28] = 1.0
u[33,0,1,24] = 1.0
u[35,0,1,18] = 1.0
u[38,1,0,29] = 1.0
u[42,0,1,26] = 1.0
u[42,1,0,25] = 1.0
u[45,0,1,23] = 1.0
u[46,1,0,31] = 1.0
u[49,1,0,31] = 1.0
u[51,0,1,27] = 1.0
u[52,1,0,27] = 1.0
u[53,0,1,30] = 1.0
u[55,1,0,23] = 1.0
u[56,1,0,26] = 1.0
u[57,0,1,19] = 1.0
u[58,0,1,22] = 1.0
u[58,1,0,32] = 1.0
u[60,0,1,28] = 1.0
u[60,1,0,18] = 1.0
u[63,0,1,15] = 1.0
u[63,1,0,23] = 1.0
u[66,0,1,31] = 1.0
u[67,1,0,15] = 1.0
u[67,1,0,32] = 1.0
u[68,0,1,25] = 1.0
u[69,0,1,11] = 1.0
u[72,1,0,31] = 1.0
u[73,0,1,30] = 1.0
u[74,1,0,16] = 1.0
u[75,1,0,26] = 1.0
u[76,0,1,12] = 1.0
u[76,1,0,31] = 1.0
u[78,0,1,27] = 1.0
u[78,1,0,8] = 1.0
u[79,0,1,25] = 1.0
u[81,1,0,21] = 1.0
u[83,0,1,15] = 1.0
u[84,1,0,25] = 1.0
u[85,0,1,20] = 1.0
u[86,1,0,11] = 1.0
u[87,0,1,22] = 1.0
u[88,1,0,17] = 1.0
u[88,1,0,31] = 1.0
u[89,0,1,9] = 1.0
u[90,0,1,27] = 1.0
u[90,1,0,19] = 1.0
u[92,0,1,15] = 1.0
u[92,1,0,7] = 1.0
u[94,0,1,32] = 1.0
u[94,1,0,11] = 1.0
u[95,0,1,8] = 1.0
u[95,1,0,27] = 1.0
u[96,0,1,7] = 1.0
u[96,0,1,24] = 1.0
u[97,0,1,23] = 1.0
u[97,1,0,4] = 1.0
u[99,1,0,19] = 1.0
u[100,0,1,4] = 1.0
u[101,0,1,15] = 1.0
u[101,1,0,24] = 1.0
u[103,1,0,31] = 1.0
u[104,1,0,14] = 1.0
u[105,0,1,27] = 1.0
u[106,1,0,24] = 1.0
u[107,0,1,25] = 1.0
u[107,1,0,23] = 1.0
u[108,0,1,15] = 1.0
u[108,1,0,18] = 1.0
u[109,0,1,19] = 1.0
u[109,0,1,21] = 1.0
u[109,1,0,21] = 1.0
u[110,1,0,11] = 1.0
u[111,0,1,17] = 1.0
u[111,1,0,15] = 1.0
u[111,1,0,17] = 1.0
u[112,0,1,14] = 1.0
u[113,0,1,11] = 1.0
u[113,0,1,13] = 1.0
u[113,1,0,13] = 1.0
u[114,0,1,12] = 1.0
u[114,1,0,10] = 1.0
u[115,0,1,9] = 1.0
u[116,1,0,13] = 1.0
u[117,0,1,8] = 1.0
u[117,1,0,14] = 1.0
u[118,1,0,15] = 1.0
u[119,0,1,10] = 1.0
u[119,1,0,4] = 1.0
u[120,0,1,11] = 1.0
u[120,0,1,14] = 1.0
u[121,1,0,6] = 1.0
u[121,1,0,17] = 1.0
u[122,0,1,4] = 1.0
u[122,1,0,10] = 1.0
u[123,0,1,13] = 1.0
u[123,1,0,11] = 1.0
u[124,0,1,7] = 1.0
u[125,0,1,10] = 1.0
u[125,1,0,5] = 1.0
u[125,1,0,9] = 1.0
u[127,0,1,5] = 1.0
u[127,0,1,14] = 1.0
u[127,1,0,5] = 1.0
u[128,0,1,6] = 1.0
u[128,1,0,8] = 1.0
u[130,0,1,6] = 1.0
u[130,1,0,13] = 1.0
u[132,0,1,13] = 1.0
u[132,1,0,13] = 1.0
u[134,0,1,9] = 1.0
u[134,1,0,9] = 1.0
u[135,0,1,18] = 1.0
u[135,1,0,15] = 1.0
u[135,1,0,19] = 1.0
u[136,0,1,5] = 1.0
u[137,1,0,14] = 1.0
u[138,0,1,16] = 1.0
u[138,1,0,14] = 1.0
u[139,0,1,10] = 1.0
u[140,0,1,19] = 1.0
u[140,1,0,9] = 1.0
u[140,1,0,12] = 1.0
u[141,0,1,13] = 1.0
u[141,1,0,6] = 1.0
u[142,0,1,8] = 1.0
u[143,0,1,8] = 1.0
u[143,1,0,9] = 1.0
u[143,1,0,16] = 1.0
u[145,0,1,12] = 1.0
u[145,1,0,4] = 1.0
u[145,1,0,9] = 1.0
u[147,0,1,5] = 1.0
u[147,0,1,9] = 1.0
u[147,1,0,8] = 1.0
u[148,0,1,16] = 1.0
u[149,1,0,5] = 1.0
u[150,0,1,9] = 1.0
u[150,1,0,12] = 1.0
u[151,0,1,16] = 1.0
u[152,0,1,8] = 1.0
u[152,1,0,5] = 1.0
u[153,0,1,8] = 1.0
u[154,1,0,20] = 1.0
u[156,0,1,16] = 1.0
u[156,1,0,21] = 1.0
u[157,0,1,15] = 1.0
u[157,1,0,16] = 1.0
u[158,0,1,17] = 1.0
u[158,1,0,12] = 1.0
u[158,1,0,16] = 1.0
u[159,0,1,12] = 1.0
u[159,1,0,11] = 1.0
u[160,0,1,12] = 1.0
u[160,1,0,13] = 1.0
u[161,0,1,7] = 1.0
u[161,0,1,11] = 1.0
u[161,1,0,8] = 1.0
u[162,0,1,9] = 1.0
u[162,1,0,8] = 1.0
u[163,0,1,4] = 1.0
u[163,1,0,7] = 1.0
u[165,0,1,8] = 1.0
u[165,1,0,9] = 1.0
u[165,1,0,12] = 1.0
u[166,1,0,4] = 1.0
u[167,0,1,5] = 1.0
u[167,0,1,8] = 1.0
u[168,0,1,13] = 1.0
u[168,1,0,8] = 1.0
u[170,0,1,4] = 1.0
u[170,1,0,9] = 1.0
u[172,0,1,5] = 1.0
u[172,0,1,12] = 1.0
u[172,1,0,4] = 1.0
u[173,1,0,18] = 1.0
u[174,1,0,8] = 1.0
u[175,0,1,14] = 1.0
u[175,1,0,6] = 1.0
u[176,0,1,4] = 1.0
u[178,0,1,7] = 1.0
u[178,1,0,13] = 1.0
u[179,0,1,17] = 1.0
u[179,1,0,20] = 1.0
u[180,0,1,9] = 1.0
u[181,1,0,13] = 1.0
u[182,0,1,16] = 1.0
u[182,1,0,15] = 1.0
u[184,0,1,13] = 1.0
u[184,1,0,14] = 1.0
u[185,0,1,11] = 1.0
u[185,1,0,13] = 1.0
u[187,1,0,22] = 1.0
u[188,0,1,9] = 1.0
u[189,1,0,15] = 1.0
u[190,0,1,18] = 1.0
u[192,1,0,25] = 1.0
u[193,0,1,17] = 1.0
u[193,1,0,16] = 1.0
u[194,0,1,21] = 1.0
u[195,1,0,13] = 1.0
u[197,0,1,29] = 1.0
u[197,1,0,19] = 1.0
u[198,0,1,13] = 1.0
u[198,1,0,23] = 1.0
u[199,0,1,23] = 1.0
u[199,1,0,25] = 1.0
u[200,1,0,9] = 1.0
u[201,0,1,21] = 2.0
u[201,1,0,19] = 1.0
u[203,0,1,10] = 1.0
u[203,1,0,17] = 2.0
u[204,0,1,25] = 1.0
u[206,0,1,15] = 1.0
u[206,1,0,9] = 1.0
u[207,0,1,24] = 1.0
u[207,1,0,22] = 1.0
u[208,0,1,20] = 1.0
u[208,1,0,11] = 1.0
u[209,0,1,18] = 1.0
u[210,0,1,7] = 1.0
u[210,1,0,16] = 1.0
u[210,1,0,22] = 1.0
u[211,1,0,14] = 1.0
u[213,0,1,10] = 1.0
u[213,0,1,20] = 1.0
u[213,1,0,8] = 1.0
u[214,0,1,24] = 1.0
u[215,1,0,6] = 1.0
u[215,1,0,16] = 1.0
u[216,0,1,23] = 1.0
u[216,1,0,20] = 1.0
u[217,0,1,12] = 1.0
u[218,0,1,16] = 1.0
u[218,1,0,19] = 1.0
u[219,0,1,18] = 1.0
u[219,1,0,8] = 1.0
u[220,0,1,15] = 1.0
u[220,1,0,12] = 1.0
u[221,0,1,18] = 1.0
u[221,1,0,14] = 1.0
u[222,1,0,11] = 1.0
u[223,0,1,13] = 1.0
u[224,0,1,14] = 1.0
u[224,1,0,17] = 1.0
u[225,0,1,19] = 1.0
u[225,1,0,9] = 1.0
u[226,0,1,13] = 1.0
u[226,1,0,10] = 1.0
u[227,0,1,18] = 1.0
u[227,1,0,15] = 1.0
u[228,1,0,9] = 1.0
u[229,0,1,11] = 1.0
u[229,1,0,14] = 1.0
u[230,0,1,5] = 1.0
u[231,0,1,17] = 1.0
u[231,1,0,7] = 1.0
u[233,0,1,24] = 1.0
u[233,1,0,13] = 1.0
u[234,0,1,20] = 1.0
u[234,1,0,11] = 1.0
u[235,0,1,9] = 1.0
u[235,1,0,20] = 1.0
u[236,0,1,16] = 1.0
u[236,1,0,16] = 1.0
u[237,0,1,16] = 1.0
u[238,1,0,12] = 1.0
u[239,0,1,18] = 1.0
u[239,1,0,12] = 1.0
u[240,0,1,8] = 1.0
u[241,1,0,20] = 1.0
u[242,0,1,12] = 1.0
u[242,0,1,23] = 1.0
u[242,1,0,17] = 1.0
u[243,0,1,16] = 1.0
u[243,1,0,8] = 1.0
u[244,0,1,13] = 1.0
u[244,1,0,8] = 1.0
u[244,1,0,19] = 1.0
u[245,1,0,12] = 1.0
u[246,0,1,9] = 1.0
u[246,0,1,15] = 1.0
u[246,1,0,9] = 1.0
u[247,0,1,8] = 1.0
u[247,0,1,9] = 1.0
u[248,0,1,5] = 1.0
u[248,1,0,11] = 1.0
u[249,1,0,4] = 1.0
u[249,1,0,5] = 1.0
u[249,1,0,10] = 1.0
u[250,0,1,7] = 1.0
u[251,0,1,6] = 1.0
u[252,1,0,11] = 1.0
u[253,0,1,10] = 1.0
u[253,1,0,8] = 1.0
u[254,0,1,15] = 1.0
u[254,1,0,7] = 1.0
u[255,0,1,4] = 1.0
u[255,0,1,11] = 1.0
u[255,1,0,6] = 1.0
u[256,1,0,11] = 1.0
u[257,0,1,8] = 1.0
u[257,1,0,7] = 1.0
u[258,0,1,7] = 1.0
u[258,1,0,5] = 1.0
u[259,0,1,12] = 1.0
u[259,1,0,4] = 1.0
u[260,0,1,8] = 1.0
u[261,0,1,5] = 1.0
u[261,1,0,8] = 2.0
u[262,0,1,5] = 1.0
u[262,1,0,4] = 1.0
u[263,0,1,4] = 2.0
u[265,1,0,5] = 1.0
u[266,0,1,8] = 1.0
u[266,1,0,14] = 1.0
u[267,1,0,9] = 1.0
u[268,0,1,5] = 1.0
u[268,0,1,10] = 1.0
u[268,1,0,11] = 1.0
u[269,1,0,7] = 1.0
u[270,0,1,7] = 1.0
u[271,0,1,14] = 1.0
u[271,1,0,8] = 1.0
u[272,0,1,6] = 1.0
u[272,1,0,10] = 1.0
u[273,0,1,4] = 1.0
u[273,1,0,10] = 1.0
u[274,0,1,6] = 1.0
u[274,1,0,10] = 1.0
u[275,0,1,6] = 1.0
u[276,0,1,6] = 1.0
u[276,1,0,5] = 1.0
u[277,1,0,4] = 1.0
u[277,1,0,15] = 1.0
u[279,0,1,11] = 1.0
u[279,1,0,6] = 1.0
u[280,0,1,4] = 1.0
u[281,1,0,7] = 1.0
u[282,0,1,6] = 1.0
u[282,0,1,18] = 1.0
u[282,1,0,19] = 1.0
u[284,1,0,8] = 1.0
u[284,1,0,14] = 1.0
u[285,0,1,12] = 1.0
u[286,0,1,10] = 1.0
u[286,1,0,11] = 1.0
u[287,0,1,4] = 1.0
u[287,1,0,8] = 1.0
u[288,0,1,7] = 1.0
u[288,0,1,24] = 1.0
u[288,1,0,6] = 1.0
c[1,0,2,4] = 1.0
c[1,0,9,10] = 1.0
c[1,1,3,5] = 1.0
c[2,1,5,8] = 1.0
c[3,0,0,3] = 1.0
c[4,0,3,8] = 1.0
c[4,1,0,1] = 1.0
c[5,1,1,7] = 1.0
c[6,0,2,7] = 1.0
c[7,1,0,5] = 1.0
c[8,1,5,10] = 1.0
c[9,0,0,5] = 1.0
c[9,0,3,5] = 1.0
c[9,1,3,6] = 1.0
c[9,1,4,6] = 1.0
c[11,1,6,11] = 1.0
c[12,0,2,4] = 1.0
c[12,1,1,3] = 2.0
c[13,0,4,6] = 1.0
c[13,1,2,7] = 1.0
c[13,1,11,13] = 1.0
c[14,1,3,4] = 2.0
c[14,1,7,8] = 1.0
c[15,1,4,6] = 2.0
c[15,1,8,13] = 1.0
c[16,0,9,12] = 1.0
c[16,1,6,11] = 2.0
c[18,1,11,12] = 2.0
c[19,1,2,3] = 1.0
c[19,1,12,13] = 2.0
c[20,1,3,4] = 1.0
c[21,1,8,11] = 1.0
c[22,1,5,13] = 1.0
c[22,1,11,21] = 1.0
c[22,1,13,25] = 2.0
c[23,1,4,5] = 1.0
c[24,1,13,20] = 1.0
c[27,1,20,23] = 1.0
c[27,1,25,26] = 2.0
c[28,0,1,5] = 1.0
c[28,1,21,25] = 1.0
c[29,0,5,6] = 1.0
c[29,1,26,28] = 1.0
c[30,0,6,9] = 1.0
c[31,1,23,29] = 1.0
c[31,1,25,27] = 1.0
c[32,0,9,18] = 1.0
c[32,1,18,22] = 1.0
c[33,1,27,28] = 1.0
c[34,1,22,27] = 1.0
c[35,1,20,25] = 1.0
c[35,1,28,31] = 1.0
c[37,1,14,25] = 1.0
c[38,1,25,31] = 1.0
c[38,1,27,31] = 1.0
c[40,0,25,26] = 1.0
c[44,0,21,23] = 1.0
c[44,1,22,31] = 1.0
c[46,1,31,32] = 1.0
c[47,1,19,27] = 1.0
c[48,0,27,30] = 1.0
c[54,0,23,28] = 1.0
c[55,1,31,32] = 1.0
c[58,0,28,29] = 1.0
c[59,1,15,16] = 1.0
c[60,0,29,31] = 1.0
c[60,1,16,23] = 1.0
c[62,0,14,15] = 1.0
c[62,1,24,31] = 1.0
c[65,0,19,25] = 1.0
c[65,1,11,15] = 1.0
c[68,1,27,31] = 1.0
c[69,0,28,30] = 1.0
c[70,1,21,29] = 1.0
c[71,1,7,14] = 1.0
c[73,1,14,16] = 1.0
c[75,0,27,32] = 1.0
c[77,0,22,25] = 1.0
c[77,1,29,31] = 1.0
c[80,0,4,15] = 1.0
c[80,1,23,25] = 1.0
c[83,0,17,20] = 1.0
c[86,0,21,22] = 1.0
c[87,1,16,17] = 1.0
c[88,0,7,9] = 1.0
c[89,1,18,19] = 1.0
c[90,0,13,16] = 1.0
c[91,0,16,19] = 1.0
c[91,1,5,7] = 1.0
c[92,1,23,27] = 1.0
c[93,0,19,24] = 1.0
c[94,0,3,8] = 1.0
c[96,1,28,31] = 1.0
c[98,1,3,24] = 1.0
c[98,1,20,24] = 1.0
c[99,0,0,4] = 1.0
c[102,1,0,16] = 1.0
c[103,0,20,21] = 1.0
c[103,1,11,14] = 1.0
c[104,0,21,25] = 1.0
c[106,0,10,15] = 1.0
c[106,1,16,17] = 1.0
c[107,1,17,18] = 1.0
c[108,0,20,21] = 1.0
c[112,0,7,12] = 1.0
c[115,1,7,14] = 1.0
c[115,1,9,13] = 1.0
c[116,0,6,8] = 1.0
c[116,1,8,15] = 1.0
c[118,0,9,14] = 1.0
c[118,1,5,17] = 1.0
c[121,0,0,4] = 1.0
c[122,1,7,11] = 1.0
c[123,0,2,7] = 1.0
c[124,0,6,10] = 1.0
c[124,1,0,5] = 1.0
c[125,0,7,11] = 1.0
c[126,0,11,14] = 1.0
c[126,1,3,5] = 1.0
c[127,0,1,6] = 1.0
c[127,1,6,8] = 1.0
c[129,0,1,6] = 1.0
c[129,1,1,13] = 1.0
c[129,1,10,13] = 1.0
c[130,0,4,13] = 1.0
c[130,1,2,8] = 1.0
c[132,0,9,18] = 1.0
c[132,1,2,15] = 1.0
c[132,1,8,19] = 1.0
c[136,1,5,14] = 1.0
c[137,0,11,19] = 1.0
c[137,0,15,16] = 1.0
c[138,1,1,9] = 1.0
c[140,0,10,13] = 1.0
c[142,0,5,8] = 1.0
c[142,1,15,16] = 1.0
c[144,0,2,5] = 1.0
c[144,1,4,9] = 1.0
c[145,0,5,6] = 1.0
c[145,0,5,16] = 1.0
c[146,0,6,9] = 1.0
c[147,0,0,9] = 1.0
c[149,0,4,9] = 1.0
c[149,0,9,16] = 1.0
c[149,1,1,15] = 1.0
c[151,0,1,5] = 1.0
c[152,0,5,8] = 1.0
c[152,1,15,18] = 1.0
c[153,1,12,21] = 1.0
c[153,1,18,20] = 1.0
c[154,0,1,15] = 1.0
c[154,1,4,16] = 1.0
c[155,1,4,16] = 1.0
c[160,0,8,11] = 1.0
c[163,1,3,12] = 1.0
c[164,0,4,8] = 1.0
c[164,1,5,9] = 1.0
c[165,0,3,13] = 1.0
c[165,1,0,4] = 1.0
c[167,1,4,8] = 1.0
c[169,0,0,12] = 1.0
c[169,1,4,9] = 1.0
c[170,1,1,2] = 1.0
c[170,1,9,18] = 1.0
c[171,1,2,4] = 1.0
c[173,1,0,7] = 1.0
c[174,0,0,2] = 1.0
c[174,1,1,6] = 1.0
c[175,0,2,14] = 1.0
c[175,1,7,20] = 1.0
c[177,0,2,7] = 1.0
c[177,1,10,13] = 1.0
c[178,0,14,17] = 1.0
c[178,1,0,15] = 1.0
c[180,1,3,9] = 1.0
c[182,1,5,22] = 1.0
c[182,1,9,14] = 1.0
c[183,0,9,13] = 1.0
c[184,1,12,13] = 1.0
c[186,0,10,14] = 1.0
c[186,1,9,25] = 1.0
c[187,0,14,16] = 1.0
c[187,1,7,15] = 1.0
c[188,0,16,29] = 1.0
c[190,1,5,19] = 1.0
c[191,0,11,17] = 1.0
c[192,1,14,16] = 1.0
c[194,1,19,23] = 1.0
c[195,0,12,23] = 1.0
c[196,1,17,19] = 1.0
c[197,0,9,13] = 1.0
c[199,0,15,25] = 1.0
c[200,0,19,21] = 1.0
c[202,0,5,10] = 1.0
c[203,0,15,24] = 1.0
c[205,0,13,15] = 1.0
c[205,0,13,20] = 1.0
c[205,1,6,9] = 1.0
c[206,1,21,22] = 1.0
c[208,0,5,24] = 1.0
c[209,1,20,22] = 1.0
c[212,0,12,23] = 1.0
c[212,0,18,20] = 1.0
c[212,1,3,8] = 1.0
c[215,0,4,16] = 1.0
c[217,0,2,18] = 1.0
c[218,0,16,18] = 1.0
c[221,0,4,13] = 1.0
c[222,0,8,19] = 1.0
c[223,0,10,14] = 1.0
c[223,1,14,17] = 1.0
c[224,0,7,18] = 1.0
c[227,0,5,24] = 1.0
c[228,0,6,14] = 1.0
c[230,0,14,17] = 1.0
c[231,0,10,20] = 1.0
c[232,1,1,11] = 1.0
c[233,0,3,16] = 1.0
c[236,0,7,18] = 1.0
c[237,1,5,20] = 1.0
c[238,0,12,23] = 1.0
c[241,0,8,12] = 1.0
c[241,1,14,17] = 1.0
c[242,1,4,8] = 1.0
c[245,0,4,9] = 1.0
c[246,0,4,9] = 1.0
c[248,1,5,10] = 1.0
c[250,1,1,11] = 1.0
c[251,0,0,10] = 1.0
c[251,0,1,15] = 1.0
c[252,1,3,8] = 1.0
c[253,1,2,7] = 1.0
c[254,0,7,11] = 1.0
c[256,0,3,8] = 1.0
c[257,0,2,12] = 1.0
c[257,1,0,5] = 1.0
c[259,0,3,8] = 1.0
c[260,0,1,5] = 1.0
c[260,1,3,8] = 1.0
c[261,0,0,5] = 1.0
c[263,1,1,10] = 1.0
c[264,0,0,8] = 1.0
c[264,1,1,5] = 1.0
c[265,1,0,9] = 1.0
c[265,1,0,11] = 1.0
c[265,1,10,14] = 1.0
c[267,0,1,5] = 1.0
c[268,1,4,7] = 1.0
c[269,0,5,14] = 1.0
c[270,1,1,10] = 1.0
c[270,1,6,8] = 1.0
c[271,0,3,6] = 1.0
c[272,1,3,10] = 1.0
c[274,1,2,15] = 1.0
c[275,1,0,5] = 1.0
c[276,1,2,4] = 1.0
c[277,1,2,19] = 1.0
c[278,0,1,18] = 1.0
c[278,1,2,6] = 1.0
c[279,0,0,4] = 1.0
c[281,0,2,6] = 1.0
c[282,1,0,3] = 1.0
c[283,0,3,12] = 1.0
c[283,1,3,8] = 1.0
c[284,0,15,20] = 1.0
c[284,1,2,11] = 1.0
c[286,0,20,24] = 1.0
c[289,0,4,9] = 1.0
c[289,1,0,4] = 1.0
s[94,0,1] = 4.0
s[142,1,0] = 4.0
s[247,1,0] = 3.0
s[261,0,1] = 4.0
