results
n[0,0,12] = 2.0
n[0,0,30] = 1.0
n[0,1,3] = 1.0
n[0,1,18] = 1.0
n[1,0,30] = 1.0
n[2,0,30] = 1.0
n[2,1,4] = 2.0
n[3,0,30] = 1.0
n[4,0,30] = 1.0
n[5,0,0] = 2.0
n[5,0,30] = 1.0
n[6,0,30] = 1.0
n[6,1,11] = 1.0
n[7,0,30] = 1.0
n[8,1,2] = 2.0
n[9,0,7] = 1.0
n[12,0,2] = 2.0
n[14,1,17] = 2.0
n[15,1,11] = 1.0
n[16,1,11] = 1.0
n[17,0,13] = 2.0
n[17,1,0] = 2.0
n[17,1,11] = 1.0
n[18,1,0] = 2.0
n[20,1,15] = 1.0
n[24,1,10] = 2.0
n[27,1,17] = 2.0
n[28,1,26] = 1.0
n[29,1,18] = 2.0
n[29,1,27] = 2.0
n[29,1,31] = 1.0
n[30,1,18] = 2.0
n[30,1,31] = 1.0
n[31,1,31] = 1.0
n[32,1,31] = 1.0
n[33,1,31] = 1.0
n[34,1,31] = 1.0
n[36,1,25] = 2.0
n[40,0,27] = 1.0
n[45,1,26] = 1.0
n[47,1,31] = 1.0
n[48,1,31] = 1.0
n[49,0,27] = 1.0
n[63,1,9] = 1.0
n[72,1,16] = 1.0
n[75,0,8] = 1.0
n[80,0,0] = 1.0
n[82,0,1] = 1.0
n[83,1,16] = 1.0
n[84,0,1] = 1.0
n[85,0,1] = 1.0
n[86,0,1] = 1.0
n[87,0,1] = 1.0
n[88,0,1] = 1.0
n[89,0,1] = 1.0
n[91,0,4] = 1.0
n[92,1,6] = 1.0
n[96,1,6] = 1.0
n[98,0,9] = 1.0
n[106,0,12] = 1.0
n[107,1,10] = 1.0
n[108,0,9] = 1.0
n[116,1,21] = 1.0
n[119,1,2] = 1.0
n[121,1,3] = 1.0
n[123,1,5] = 1.0
n[135,0,20] = 1.0
n[141,0,26] = 1.0
n[146,0,18] = 1.0
n[163,0,13] = 1.0
n[173,1,9] = 1.0
n[181,0,12] = 1.0
n[182,0,12] = 1.0
n[188,1,6] = 1.0
n[191,1,12] = 1.0
n[192,1,20] = 1.0
n[196,0,12] = 1.0
n[197,1,14] = 1.0
n[201,1,31] = 1.0
n[202,1,31] = 1.0
n[207,0,23] = 1.0
n[210,0,30] = 1.0
n[222,1,27] = 1.0
n[223,0,25] = 1.0
n[226,1,21] = 1.0
n[230,0,22] = 1.0
n[230,1,25] = 1.0
n[231,0,22] = 1.0
n[232,0,22] = 1.0
n[233,0,22] = 1.0
n[234,1,17] = 1.0
n[238,1,32] = 1.0
n[245,0,24] = 2.0
n[246,0,24] = 1.0
n[272,0,13] = 1.0
n[274,1,10] = 1.0
n[282,1,1] = 1.0
n[287,1,1] = 1.0
n[289,1,2] = 1.0
n[290,0,12] = 2.0
n[290,0,30] = 1.0
n[290,1,3] = 1.0
n[290,1,18] = 1.0
u[1,0,1,12] = 2.0
u[2,1,0,19] = 1.0
u[3,1,0,4] = 2.0
u[3,1,0,8] = 2.0
u[4,0,1,15] = 1.0
u[6,0,1,6] = 2.0
u[7,1,0,11] = 1.0
u[8,0,1,30] = 1.0
u[10,0,1,14] = 2.0
u[10,1,0,6] = 2.0
u[10,1,0,26] = 1.0
u[12,0,1,22] = 1.0
u[13,0,1,15] = 1.0
u[15,0,1,4] = 2.0
u[15,1,0,17] = 2.0
u[18,0,1,13] = 2.0
u[35,1,0,31] = 1.0
u[38,1,0,31] = 2.0
u[39,1,0,31] = 1.0
u[40,0,1,27] = 1.0
u[40,0,1,29] = 1.0
u[41,0,1,27] = 2.0
u[42,1,0,25] = 1.0
u[44,0,1,21] = 1.0
u[47,1,0,31] = 1.0
u[48,1,0,28] = 1.0
u[49,1,0,31] = 1.0
u[50,0,1,24] = 1.0
u[50,0,1,27] = 1.0
u[50,1,0,29] = 1.0
u[51,0,1,27] = 1.0
u[51,1,0,26] = 1.0
u[52,0,1,25] = 1.0
u[52,1,0,23] = 1.0
u[53,0,1,22] = 1.0
u[53,1,0,31] = 1.0
u[54,0,1,19] = 1.0
u[54,1,0,21] = 1.0
u[55,1,0,18] = 1.0
u[55,1,0,25] = 2.0
u[56,1,0,15] = 1.0
u[57,0,1,14] = 1.0
u[57,0,1,21] = 2.0
u[57,0,1,28] = 1.0
u[59,1,0,17] = 2.0
u[60,0,1,24] = 1.0
u[60,1,0,25] = 1.0
u[61,0,1,13] = 2.0
u[62,0,1,21] = 1.0
u[62,1,0,20] = 2.0
u[63,0,1,22] = 1.0
u[64,1,0,17] = 1.0
u[65,0,1,18] = 1.0
u[65,1,0,15] = 1.0
u[65,1,0,18] = 1.0
u[66,0,1,21] = 1.0
u[66,1,0,15] = 1.0
u[67,0,1,14] = 2.0
u[67,1,0,14] = 1.0
u[68,0,1,11] = 1.0
u[69,0,1,10] = 1.0
u[69,1,0,10] = 2.0
u[70,0,1,20] = 1.0
u[71,1,0,6] = 1.0
u[72,0,1,10] = 1.0
u[72,1,0,25] = 1.0
u[73,1,0,16] = 1.0
u[74,0,1,21] = 1.0
u[74,1,0,6] = 1.0
u[75,0,1,12] = 1.0
u[75,0,1,20] = 1.0
u[75,1,0,22] = 1.0
u[76,0,1,8] = 1.0
u[76,1,0,17] = 1.0
u[77,0,1,18] = 1.0
u[77,1,0,8] = 1.0
u[77,1,0,16] = 1.0
u[78,0,1,13] = 1.0
u[78,1,0,4] = 1.0
u[79,0,1,4] = 1.0
u[79,1,0,14] = 1.0
u[80,1,0,9] = 1.0
u[81,0,1,20] = 1.0
u[82,0,1,12] = 1.0
u[82,1,0,5] = 1.0
u[84,0,1,12] = 1.0
u[84,1,0,8] = 1.0
u[84,1,0,16] = 1.0
u[85,0,1,5] = 1.0
u[85,0,1,26] = 1.0
u[86,0,1,12] = 1.0
u[86,1,0,8] = 1.0
u[87,1,0,22] = 1.0
u[88,0,1,9] = 1.0
u[88,1,0,8] = 1.0
u[89,0,1,18] = 1.0
u[89,1,0,8] = 1.0
u[90,0,1,10] = 1.0
u[90,1,0,5] = 1.0
u[91,1,0,14] = 1.0
u[92,0,1,13] = 1.0
u[93,0,1,8] = 1.0
u[93,1,0,6] = 1.0
u[94,0,1,10] = 1.0
u[94,1,0,9] = 1.0
u[95,1,0,4] = 1.0
u[96,0,1,19] = 1.0
u[97,0,1,10] = 1.0
u[98,1,0,15] = 1.0
u[99,0,1,9] = 1.0
u[100,0,1,11] = 1.0
u[100,1,0,9] = 1.0
u[100,1,0,14] = 1.0
u[102,0,1,10] = 1.0
u[102,1,0,7] = 1.0
u[104,0,1,28] = 1.0
u[104,1,0,6] = 1.0
u[104,1,0,16] = 1.0
u[105,0,1,14] = 1.0
u[105,0,1,24] = 1.0
u[107,0,1,12] = 1.0
u[107,1,0,20] = 1.0
u[108,0,1,18] = 1.0
u[108,1,0,10] = 1.0
u[109,1,0,8] = 1.0
u[110,0,1,6] = 1.0
u[110,1,0,14] = 1.0
u[111,0,1,4] = 1.0
u[112,0,1,23] = 1.0
u[112,1,0,29] = 1.0
u[114,0,1,25] = 1.0
u[114,1,0,19] = 1.0
u[115,1,0,10] = 1.0
u[117,0,1,6] = 1.0
u[117,1,0,16] = 1.0
u[119,0,1,12] = 1.0
u[119,1,0,24] = 1.0
u[121,0,1,20] = 1.0
u[121,0,1,30] = 1.0
u[121,1,0,8] = 1.0
u[122,0,1,26] = 1.0
u[122,0,1,29] = 1.0
u[123,1,0,26] = 1.0
u[124,0,1,5] = 1.0
u[124,1,0,18] = 1.0
u[124,1,0,25] = 1.0
u[126,0,1,21] = 1.0
u[126,1,0,9] = 1.0
u[127,1,0,26] = 1.0
u[129,0,1,7] = 1.0
u[129,0,1,22] = 1.0
u[129,1,0,12] = 1.0
u[129,1,0,19] = 1.0
u[130,0,1,23] = 1.0
u[130,0,1,28] = 1.0
u[131,1,0,18] = 1.0
u[132,0,1,16] = 1.0
u[132,1,0,19] = 1.0
u[133,0,1,14] = 1.0
u[134,1,0,12] = 1.0
u[135,1,0,16] = 1.0
u[136,0,1,20] = 1.0
u[136,1,0,14] = 1.0
u[137,0,1,12] = 1.0
u[138,0,1,15] = 1.0
u[138,1,0,16] = 1.0
u[139,0,1,11] = 1.0
u[139,0,1,24] = 1.0
u[139,1,0,8] = 1.0
u[139,1,0,30] = 1.0
u[140,0,1,12] = 1.0
u[141,1,0,20] = 1.0
u[142,0,1,26] = 1.0
u[143,1,0,17] = 1.0
u[144,0,1,17] = 1.0
u[144,1,0,16] = 1.0
u[144,1,0,22] = 1.0
u[146,0,1,14] = 1.0
u[146,1,0,13] = 1.0
u[147,0,1,18] = 1.0
u[147,0,1,23] = 1.0
u[148,0,1,9] = 1.0
u[148,1,0,25] = 1.0
u[149,0,1,19] = 1.0
u[149,1,0,19] = 1.0
u[150,0,1,21] = 1.0
u[151,0,1,15] = 1.0
u[151,1,0,18] = 2.0
u[152,1,0,12] = 1.0
u[152,1,0,17] = 1.0
u[152,1,0,18] = 1.0
u[153,0,1,14] = 2.0
u[154,0,1,8] = 1.0
u[154,0,1,13] = 1.0
u[154,0,1,14] = 1.0
u[154,1,0,12] = 1.0
u[155,1,0,10] = 2.0
u[156,0,1,8] = 1.0
u[156,1,0,9] = 1.0
u[157,0,1,6] = 1.0
u[158,0,1,5] = 1.0
u[158,1,0,4] = 1.0
u[159,0,1,12] = 1.0
u[159,1,0,19] = 1.0
u[161,0,1,15] = 1.0
u[161,1,0,21] = 1.0
u[162,1,0,13] = 1.0
u[163,0,1,17] = 1.0
u[164,0,1,9] = 1.0
u[164,1,0,13] = 1.0
u[166,0,1,9] = 1.0
u[166,0,1,17] = 1.0
u[167,1,0,19] = 1.0
u[167,1,0,23] = 1.0
u[168,1,0,13] = 2.0
u[169,0,1,15] = 1.0
u[169,0,1,19] = 1.0
u[170,0,1,9] = 1.0
u[170,1,0,10] = 1.0
u[171,0,1,13] = 1.0
u[172,1,0,12] = 1.0
u[173,0,1,9] = 1.0
u[173,1,0,20] = 1.0
u[173,1,0,30] = 1.0
u[174,1,0,10] = 1.0
u[175,0,1,16] = 1.0
u[175,0,1,26] = 1.0
u[177,1,0,14] = 1.0
u[178,0,1,12] = 1.0
u[179,0,1,22] = 1.0
u[179,1,0,16] = 1.0
u[180,1,0,8] = 1.0
u[180,1,0,23] = 1.0
u[181,0,1,15] = 1.0
u[182,1,0,28] = 1.0
u[183,0,1,12] = 1.0
u[184,0,1,13] = 1.0
u[184,0,1,22] = 1.0
u[184,1,0,14] = 1.0
u[186,0,1,10] = 1.0
u[186,1,0,18] = 1.0
u[188,0,1,28] = 1.0
u[188,1,0,28] = 1.0
u[189,0,1,16] = 1.0
u[189,1,0,6] = 1.0
u[190,0,1,24] = 1.0
u[190,1,0,24] = 1.0
u[192,0,1,20] = 1.0
u[193,1,0,15] = 1.0
u[194,1,0,22] = 1.0
u[195,0,1,18] = 1.0
u[195,1,0,18] = 1.0
u[197,0,1,14] = 1.0
u[198,1,0,14] = 1.0
u[200,0,1,10] = 1.0
u[200,1,0,14] = 1.0
u[202,1,0,6] = 1.0
u[203,0,1,25] = 1.0
u[203,1,0,31] = 1.0
u[204,0,1,29] = 1.0
u[206,0,1,9] = 1.0
u[206,1,0,25] = 1.0
u[208,1,0,5] = 1.0
u[210,1,0,28] = 1.0
u[211,0,1,26] = 1.0
u[212,1,0,32] = 1.0
u[214,0,1,28] = 1.0
u[215,0,1,31] = 1.0
u[216,0,1,19] = 1.0
u[218,0,1,29] = 1.0
u[219,1,0,28] = 1.0
u[220,0,1,31] = 1.0
u[221,1,0,29] = 1.0
u[223,0,1,26] = 1.0
u[223,1,0,27] = 1.0
u[224,0,1,25] = 1.0
u[225,0,1,23] = 1.0
u[225,1,0,28] = 1.0
u[228,1,0,26] = 1.0
u[229,0,1,26] = 1.0
u[229,1,0,22] = 1.0
u[230,1,0,31] = 1.0
u[231,0,1,18] = 1.0
u[231,1,0,22] = 1.0
u[233,0,1,18] = 1.0
u[233,1,0,27] = 1.0
u[234,0,1,22] = 1.0
u[235,0,1,23] = 1.0
u[235,1,0,17] = 1.0
u[236,0,1,29] = 1.0
u[237,0,1,13] = 1.0
u[237,1,0,18] = 1.0
u[239,1,0,32] = 1.0
u[240,0,1,17] = 1.0
u[240,1,0,10] = 1.0
u[241,1,0,26] = 1.0
u[242,0,1,6] = 1.0
u[242,1,0,13] = 1.0
u[243,1,0,28] = 1.0
u[244,0,1,9] = 1.0
u[244,1,0,30] = 1.0
u[246,0,1,26] = 1.0
u[246,1,0,12] = 1.0
u[247,0,1,24] = 1.0
u[248,0,1,8] = 1.0
u[248,1,0,22] = 1.0
u[249,0,1,27] = 1.0
u[249,0,1,31] = 1.0
u[249,1,0,20] = 1.0
u[250,0,1,18] = 1.0
u[250,1,0,4] = 1.0
u[250,1,0,18] = 1.0
u[251,0,1,16] = 1.0
u[251,1,0,27] = 1.0
u[253,1,0,12] = 1.0
u[254,0,1,9] = 1.0
u[254,1,0,18] = 1.0
u[256,0,1,24] = 1.0
u[256,1,0,5] = 1.0
u[257,0,1,28] = 1.0
u[258,1,0,20] = 1.0
u[259,1,0,24] = 1.0
u[260,0,1,16] = 1.0
u[260,1,0,30] = 1.0
u[261,0,1,20] = 1.0
u[262,0,1,25] = 1.0
u[262,1,0,12] = 1.0
u[263,0,1,15] = 1.0
u[263,1,0,16] = 1.0
u[264,1,0,21] = 1.0
u[265,0,1,12] = 1.0
u[266,0,1,17] = 1.0
u[266,1,0,13] = 1.0
u[268,0,1,30] = 2.0
u[268,1,0,13] = 1.0
u[269,0,1,11] = 1.0
u[270,1,0,17] = 1.0
u[272,0,1,14] = 1.0
u[273,1,0,13] = 1.0
u[274,0,1,28] = 1.0
u[275,1,0,10] = 1.0
u[276,0,1,13] = 1.0
u[276,0,1,20] = 1.0
u[276,1,0,24] = 1.0
u[278,0,1,20] = 1.0
u[278,1,0,9] = 1.0
u[279,1,0,17] = 1.0
u[279,1,0,31] = 2.0
u[280,0,1,5] = 1.0
u[281,0,1,13] = 1.0
u[281,0,1,27] = 2.0
u[283,1,0,9] = 1.0
u[283,1,0,23] = 2.0
u[285,0,1,5] = 1.0
u[285,0,1,19] = 2.0
u[286,1,0,11] = 1.0
u[286,1,0,26] = 1.0
u[287,1,0,15] = 2.0
u[288,0,1,7] = 1.0
u[288,0,1,22] = 1.0
c[0,1,2,3] = 1.0
c[1,1,3,4] = 2.0
c[1,1,18,19] = 1.0
c[5,0,4,6] = 2.0
c[6,0,0,2] = 2.0
c[7,0,2,10] = 2.0
c[9,0,10,14] = 2.0
c[9,1,2,6] = 2.0
c[10,0,7,8] = 1.0
c[11,0,8,15] = 1.0
c[12,1,10,17] = 2.0
c[13,0,2,3] = 2.0
c[14,0,3,4] = 2.0
c[14,1,18,25] = 1.0
c[18,1,11,15] = 1.0
c[18,1,25,29] = 1.0
c[19,1,0,1] = 2.0
c[20,1,1,8] = 2.0
c[20,1,9,17] = 2.0
c[21,1,15,17] = 1.0
c[22,1,8,9] = 2.0
c[22,1,17,18] = 1.0
c[23,1,9,10] = 2.0
c[23,1,17,27] = 2.0
c[23,1,18,26] = 1.0
c[23,1,29,31] = 1.0
c[25,1,10,17] = 2.0
c[28,1,17,18] = 2.0
c[29,1,26,29] = 1.0
c[30,1,27,31] = 2.0
c[31,1,18,23] = 2.0
c[33,1,29,31] = 1.0
c[34,1,23,25] = 2.0
c[37,0,27,29] = 1.0
c[37,1,25,30] = 2.0
c[42,1,23,31] = 1.0
c[43,1,23,25] = 1.0
c[43,1,23,26] = 1.0
c[43,1,30,31] = 2.0
c[45,1,25,28] = 1.0
c[46,1,17,26] = 1.0
c[46,1,26,29] = 1.0
c[52,1,20,25] = 1.0
c[53,1,23,25] = 1.0
c[55,0,27,28] = 1.0
c[56,0,17,22] = 1.0
c[58,0,11,19] = 1.0
c[58,0,22,24] = 1.0
c[59,1,10,20] = 1.0
c[59,1,24,25] = 1.0
c[61,0,19,22] = 1.0
c[63,1,9,15] = 1.0
c[64,0,16,18] = 1.0
c[64,0,16,21] = 1.0
c[64,1,9,15] = 1.0
c[66,0,13,14] = 1.0
c[67,0,11,20] = 1.0
c[68,1,17,25] = 1.0
c[70,1,7,22] = 1.0
c[71,0,6,10] = 2.0
c[72,0,10,14] = 1.0
c[73,0,2,8] = 1.0
c[73,0,14,20] = 1.0
c[76,0,2,10] = 1.0
c[78,0,10,20] = 1.0
c[79,0,12,26] = 1.0
c[81,0,0,1] = 1.0
c[81,0,10,12] = 1.0
c[81,1,0,5] = 1.0
c[82,0,5,12] = 1.0
c[83,0,1,2] = 1.0
c[84,0,2,5] = 1.0
c[86,0,4,5] = 1.0
c[87,0,5,9] = 1.0
c[87,1,1,8] = 1.0
c[88,0,4,9] = 1.0
c[89,0,9,10] = 1.0
c[90,0,1,2] = 1.0
c[90,0,4,13] = 1.0
c[91,0,2,8] = 1.0
c[92,0,1,2] = 1.0
c[92,0,4,10] = 1.0
c[93,0,2,7] = 1.0
c[93,0,10,19] = 1.0
c[94,0,7,10] = 1.0
c[95,0,2,10] = 1.0
c[95,0,10,20] = 1.0
c[96,0,5,8] = 1.0
c[97,0,0,11] = 1.0
c[97,0,8,9] = 1.0
c[97,1,6,13] = 1.0
c[98,0,20,28] = 1.0
c[99,1,6,9] = 1.0
c[99,1,13,14] = 1.0
c[100,0,11,24] = 1.0
c[101,1,5,16] = 1.0
c[102,0,5,7] = 1.0
c[103,0,7,14] = 1.0
c[104,0,3,18] = 1.0
c[106,0,2,9] = 1.0
c[106,1,24,27] = 1.0
c[109,0,9,30] = 1.0
c[109,0,16,23] = 1.0
c[109,1,27,29] = 1.0
c[112,0,10,29] = 1.0
c[112,1,2,11] = 1.0
c[113,1,0,10] = 1.0
c[114,1,11,15] = 1.0
c[116,0,15,17] = 1.0
c[116,1,15,16] = 1.0
c[117,0,17,19] = 1.0
c[117,1,21,24] = 1.0
c[118,0,19,26] = 1.0
c[120,1,2,3] = 1.0
c[122,1,3,5] = 1.0
c[123,0,4,5] = 1.0
c[123,1,16,18] = 1.0
c[124,1,5,8] = 1.0
c[124,1,22,26] = 1.0
c[125,0,22,28] = 1.0
c[125,1,8,9] = 1.0
c[126,0,14,22] = 1.0
c[126,1,1,12] = 1.0
c[128,0,5,7] = 1.0
c[128,1,17,19] = 1.0
c[129,0,22,23] = 1.0
c[131,0,8,20] = 1.0
c[131,0,15,16] = 1.0
c[131,1,3,5] = 1.0
c[132,1,5,16] = 1.0
c[132,1,24,30] = 1.0
c[134,0,15,18] = 1.0
c[135,0,18,21] = 1.0
c[135,1,10,14] = 1.0
c[136,0,8,15] = 1.0
c[137,0,21,24] = 1.0
c[138,0,10,11] = 1.0
c[140,1,11,16] = 1.0
c[141,0,4,23] = 1.0
c[141,1,7,25] = 1.0
c[142,1,8,16] = 1.0
c[142,1,16,17] = 1.0
c[143,0,16,17] = 1.0
c[145,0,13,14] = 1.0
c[146,0,12,19] = 1.0
c[148,1,10,18] = 1.0
c[149,1,14,18] = 1.0
c[150,1,5,12] = 1.0
c[151,1,15,18] = 1.0
c[153,1,11,12] = 1.0
c[156,1,4,21] = 1.0
c[156,1,10,19] = 1.0
c[157,0,6,12] = 1.0
c[159,1,2,13] = 1.0
c[160,0,0,10] = 1.0
c[160,1,1,18] = 1.0
c[161,1,8,30] = 1.0
c[162,0,10,13] = 1.0
c[163,1,11,13] = 1.0
c[164,0,13,17] = 1.0
c[164,1,18,23] = 1.0
c[165,1,13,19] = 1.0
c[166,1,5,13] = 1.0
c[168,1,5,9] = 1.0
c[169,1,9,10] = 1.0
c[170,0,9,13] = 1.0
c[171,1,11,12] = 1.0
c[171,1,15,20] = 1.0
c[172,0,6,9] = 1.0
c[172,1,5,8] = 1.0
c[173,1,8,10] = 1.0
c[174,0,8,22] = 1.0
c[174,1,9,14] = 1.0
c[175,1,5,14] = 1.0
c[176,0,6,12] = 1.0
c[176,1,14,23] = 1.0
c[177,1,12,14] = 1.0
c[177,1,22,28] = 1.0
c[178,1,14,16] = 1.0
c[179,0,10,15] = 1.0
c[181,1,18,23] = 1.0
c[182,0,4,13] = 1.0
c[182,0,19,20] = 1.0
c[183,0,20,22] = 1.0
c[183,1,11,14] = 1.0
c[184,0,24,28] = 1.0
c[184,1,23,28] = 1.0
c[185,1,8,32] = 1.0
c[186,1,9,31] = 1.0
c[188,0,14,16] = 1.0
c[191,0,2,12] = 1.0
c[192,1,12,15] = 1.0
c[193,0,12,18] = 1.0
c[193,1,20,22] = 1.0
c[194,1,16,18] = 1.0
c[195,0,11,12] = 1.0
c[196,0,18,29] = 1.0
c[197,0,12,25] = 1.0
c[199,1,10,14] = 1.0
c[202,0,10,23] = 1.0
c[204,0,2,9] = 1.0
c[205,0,27,30] = 1.0
c[205,1,21,28] = 1.0
c[208,0,21,26] = 1.0
c[208,0,23,24] = 1.0
c[209,0,24,25] = 1.0
c[210,0,1,2] = 1.0
c[210,0,25,31] = 1.0
c[211,0,2,19] = 1.0
c[211,0,30,31] = 1.0
c[212,0,24,25] = 1.0
c[213,0,25,29] = 1.0
c[213,1,22,27] = 1.0
c[216,1,24,28] = 1.0
c[217,1,27,28] = 2.0
c[218,1,15,28] = 1.0
c[219,1,28,29] = 1.0
c[220,1,25,31] = 1.0
c[220,1,28,32] = 1.0
c[221,0,24,26] = 1.0
c[225,1,22,26] = 1.0
c[227,0,24,26] = 1.0
c[227,1,19,22] = 1.0
c[227,1,21,25] = 1.0
c[231,1,25,27] = 1.0
c[232,0,27,28] = 1.0
c[233,1,14,17] = 1.0
c[234,0,28,29] = 1.0
c[235,1,14,18] = 1.0
c[236,1,18,26] = 1.0
c[237,1,19,28] = 1.0
c[238,1,25,30] = 1.0
c[239,0,14,17] = 1.0
c[239,1,9,10] = 1.0
c[241,0,28,29] = 1.0
c[243,0,22,24] = 1.0
c[243,0,29,30] = 1.0
c[244,1,2,12] = 1.0
c[245,0,30,31] = 1.0
c[246,0,24,27] = 1.0
c[246,1,5,7] = 1.0
c[247,1,7,18] = 1.0
c[251,1,23,25] = 1.0
c[252,0,0,9] = 1.0
c[252,0,14,24] = 1.0
c[252,1,14,15] = 1.0
c[253,0,23,28] = 1.0
c[253,1,15,18] = 1.0
c[253,1,25,28] = 1.0
c[255,0,8,9] = 1.0
c[256,0,9,25] = 1.0
c[256,0,14,28] = 1.0
c[256,1,28,30] = 1.0
c[258,0,1,4] = 1.0
c[259,0,4,11] = 1.0
c[261,0,11,15] = 1.0
c[262,0,26,28] = 1.0
c[264,0,8,20] = 1.0
c[264,0,28,30] = 2.0
c[265,1,11,13] = 1.0
c[267,1,8,17] = 1.0
c[268,0,9,11] = 1.0
c[268,0,20,28] = 1.0
c[270,0,9,11] = 1.0
c[270,1,26,28] = 2.0
c[271,0,11,14] = 1.0
c[271,1,7,9] = 1.0
c[272,1,9,13] = 1.0
c[272,1,28,31] = 2.0
c[273,0,13,20] = 1.0
c[275,0,9,13] = 1.0
c[277,0,6,30] = 1.0
c[278,1,16,17] = 1.0
c[280,1,16,17] = 1.0
c[281,1,17,26] = 1.0
c[283,1,1,5] = 1.0
c[284,1,5,11] = 1.0
c[288,1,1,2] = 1.0
c[289,0,11,12] = 2.0
c[290,1,2,3] = 1.0
s[128,0,1] = 2.0
s[153,0,1] = 3.0
s[249,1,0] = 4.0
