results
n[0,0,6] = 1.0
n[0,0,11] = 1.0
n[0,1,12] = 1.0
n[1,1,12] = 1.0
n[3,0,4] = 1.0
n[3,1,2] = 1.0
n[4,0,4] = 1.0
n[5,0,10] = 1.0
n[5,1,3] = 1.0
n[7,1,14] = 1.0
n[8,1,2] = 1.0
n[10,1,12] = 1.0
n[12,1,1] = 1.0
n[14,0,9] = 1.0
n[14,1,5] = 1.0
n[18,1,10] = 1.0
n[21,1,19] = 1.0
n[21,1,30] = 1.0
n[22,1,30] = 1.0
n[33,1,29] = 1.0
n[34,1,29] = 1.0
n[113,0,0] = 1.0
n[114,0,0] = 1.0
n[115,0,0] = 1.0
n[116,0,0] = 1.0
n[117,0,0] = 1.0
n[138,1,10] = 1.0
n[162,0,0] = 1.0
n[163,0,0] = 1.0
n[164,0,0] = 1.0
n[165,0,0] = 1.0
n[171,1,3] = 1.0
n[172,0,8] = 1.0
n[175,1,4] = 1.0
n[178,0,0] = 1.0
n[179,0,0] = 1.0
n[182,0,4] = 1.0
n[185,1,0] = 1.0
n[186,1,0] = 1.0
n[189,0,7] = 1.0
n[198,0,11] = 1.0
n[208,1,3] = 1.0
n[210,1,4] = 1.0
n[211,1,17] = 1.0
n[212,1,13] = 1.0
n[213,0,0] = 1.0
n[219,0,17] = 1.0
n[220,1,23] = 1.0
n[221,0,5] = 1.0
n[222,1,13] = 1.0
n[272,0,5] = 1.0
n[285,0,6] = 1.0
n[287,1,10] = 1.0
n[290,0,6] = 1.0
n[290,0,11] = 1.0
n[290,1,12] = 1.0
u[1,0,1,6] = 1.0
u[1,1,0,8] = 1.0
u[3,0,1,13] = 1.0
u[3,1,0,8] = 1.0
u[3,1,0,14] = 1.0
u[6,0,1,6] = 2.0
u[7,1,0,7] = 1.0
u[8,0,1,16] = 1.0
u[10,0,1,5] = 1.0
u[10,1,0,12] = 1.0
u[12,0,1,8] = 1.0
u[12,1,0,13] = 1.0
u[15,0,1,9] = 1.0
u[20,1,0,20] = 1.0
u[23,0,1,18] = 1.0
u[23,1,0,30] = 1.0
u[25,0,1,26] = 1.0
u[27,1,0,27] = 1.0
u[29,0,1,23] = 1.0
u[32,1,0,27] = 1.0
u[34,0,1,23] = 1.0
u[35,1,0,31] = 1.0
u[37,0,1,27] = 1.0
u[37,1,0,31] = 1.0
u[38,1,0,28] = 1.0
u[39,0,1,27] = 1.0
u[39,1,0,25] = 1.0
u[40,0,1,24] = 1.0
u[41,0,1,21] = 1.0
u[41,1,0,23] = 1.0
u[41,1,0,31] = 1.0
u[43,0,1,19] = 1.0
u[43,0,1,27] = 1.0
u[43,1,0,28] = 1.0
u[44,1,0,19] = 1.0
u[44,1,0,24] = 1.0
u[45,0,1,24] = 1.0
u[46,0,1,15] = 1.0
u[46,0,1,20] = 1.0
u[46,1,0,18] = 1.0
u[48,0,1,14] = 1.0
u[48,1,0,11] = 1.0
u[48,1,0,16] = 1.0
u[48,1,0,27] = 1.0
u[49,1,0,24] = 1.0
u[50,0,1,7] = 1.0
u[50,0,1,12] = 1.0
u[50,0,1,23] = 1.0
u[50,1,0,10] = 1.0
u[51,0,1,20] = 1.0
u[52,0,1,6] = 1.0
u[52,1,0,19] = 1.0
u[53,1,0,16] = 1.0
u[54,0,1,15] = 1.0
u[54,1,0,16] = 1.0
u[55,0,1,12] = 1.0
u[55,1,0,16] = 1.0
u[56,0,1,12] = 1.0
u[56,1,0,11] = 1.0
u[56,1,0,12] = 1.0
u[57,0,1,12] = 1.0
u[57,1,0,8] = 1.0
u[58,0,1,7] = 1.0
u[58,0,1,8] = 1.0
u[58,1,0,8] = 1.0
u[59,0,1,4] = 1.0
u[59,1,0,8] = 1.0
u[60,1,0,4] = 1.0
u[61,0,1,4] = 1.0
u[61,0,1,9] = 1.0
u[61,1,0,8] = 1.0
u[62,1,0,5] = 1.0
u[63,1,0,5] = 1.0
u[64,0,1,9] = 1.0
u[64,0,1,10] = 1.0
u[65,0,1,6] = 1.0
u[66,1,0,6] = 1.0
u[66,1,0,14] = 1.0
u[67,0,1,11] = 1.0
u[67,1,0,10] = 1.0
u[68,0,1,10] = 1.0
u[69,0,1,6] = 1.0
u[69,0,1,7] = 1.0
u[69,1,0,7] = 1.0
u[69,1,0,12] = 1.0
u[70,1,0,6] = 1.0
u[71,0,1,8] = 1.0
u[72,0,1,8] = 1.0
u[72,1,0,8] = 1.0
u[73,0,1,7] = 1.0
u[73,1,0,11] = 1.0
u[74,0,1,4] = 1.0
u[75,0,1,7] = 1.0
u[75,1,0,9] = 1.0
u[75,1,0,13] = 1.0
u[76,1,0,8] = 1.0
u[78,0,1,4] = 1.0
u[78,0,1,10] = 1.0
u[78,0,1,13] = 1.0
u[78,1,0,10] = 1.0
u[79,1,0,12] = 1.0
u[80,0,1,6] = 1.0
u[80,1,0,6] = 1.0
u[80,1,0,9] = 1.0
u[81,0,1,8] = 1.0
u[81,1,0,5] = 1.0
u[82,0,1,5] = 1.0
u[83,1,0,4] = 1.0
u[84,0,1,12] = 1.0
u[84,1,0,12] = 1.0
u[85,0,1,11] = 1.0
u[86,0,1,8] = 1.0
u[86,1,0,8] = 1.0
u[86,1,0,11] = 1.0
u[87,0,1,10] = 1.0
u[87,1,0,7] = 1.0
u[88,0,1,7] = 1.0
u[88,1,0,4] = 1.0
u[89,0,1,9] = 1.0
u[90,0,1,8] = 1.0
u[91,0,1,5] = 1.0
u[91,1,0,8] = 1.0
u[91,1,0,14] = 1.0
u[92,1,0,4] = 1.0
u[93,0,1,4] = 1.0
u[93,0,1,10] = 1.0
u[93,1,0,14] = 1.0
u[95,0,1,10] = 1.0
u[95,1,0,6] = 1.0
u[95,1,0,11] = 1.0
u[96,0,1,10] = 1.0
u[97,0,1,7] = 1.0
u[97,1,0,6] = 1.0
u[97,1,0,10] = 1.0
u[98,0,1,7] = 1.0
u[98,1,0,6] = 1.0
u[99,0,1,6] = 1.0
u[100,1,0,8] = 1.0
u[101,0,1,7] = 1.0
u[101,0,1,12] = 1.0
u[101,1,0,8] = 1.0
u[102,1,0,7] = 1.0
u[103,0,1,4] = 1.0
u[103,0,1,9] = 1.0
u[103,1,0,8] = 1.0
u[104,1,0,8] = 1.0
u[105,0,1,4] = 1.0
u[105,0,1,8] = 1.0
u[105,1,0,5] = 1.0
u[106,0,1,4] = 1.0
u[106,1,0,5] = 1.0
u[107,1,0,4] = 1.0
u[108,0,1,4] = 1.0
u[108,1,0,4] = 1.0
u[109,0,1,5] = 1.0
u[110,0,1,4] = 1.0
u[110,1,0,10] = 1.0
u[111,1,0,4] = 1.0
u[112,0,1,6] = 1.0
u[112,1,0,6] = 1.0
u[114,0,1,15] = 1.0
u[114,1,0,9] = 1.0
u[116,0,1,5] = 1.0
u[116,1,0,11] = 1.0
u[117,0,1,15] = 1.0
u[118,1,0,17] = 1.0
u[119,0,1,11] = 1.0
u[120,0,1,13] = 1.0
u[120,1,0,14] = 1.0
u[121,0,1,12] = 1.0
u[121,1,0,7] = 1.0
u[123,0,1,14] = 1.0
u[123,1,0,10] = 1.0
u[123,1,0,17] = 1.0
u[124,0,1,4] = 1.0
u[124,1,0,10] = 1.0
u[125,0,1,13] = 1.0
u[125,1,0,10] = 1.0
u[126,0,1,6] = 1.0
u[127,0,1,13] = 1.0
u[127,1,0,9] = 1.0
u[128,0,1,9] = 1.0
u[128,1,0,10] = 1.0
u[129,0,1,5] = 1.0
u[129,1,0,9] = 1.0
u[130,0,1,6] = 1.0
u[131,1,0,6] = 1.0
u[131,1,0,15] = 1.0
u[132,0,1,8] = 1.0
u[133,0,1,11] = 1.0
u[133,1,0,6] = 1.0
u[133,1,0,7] = 1.0
u[136,0,1,8] = 1.0
u[136,0,1,14] = 1.0
u[136,1,0,11] = 1.0
u[137,0,1,9] = 1.0
u[137,1,0,15] = 1.0
u[138,1,0,4] = 1.0
u[139,0,1,11] = 1.0
u[139,1,0,5] = 1.0
u[141,0,1,18] = 1.0
u[141,1,0,7] = 1.0
u[143,0,1,12] = 1.0
u[143,1,0,22] = 1.0
u[144,0,1,14] = 1.0
u[144,1,0,17] = 1.0
u[145,0,1,18] = 1.0
u[145,1,0,8] = 1.0
u[146,1,0,10] = 1.0
u[147,0,1,19] = 1.0
u[147,1,0,14] = 1.0
u[148,0,1,6] = 1.0
u[148,0,1,17] = 1.0
u[149,0,1,13] = 1.0
u[149,1,0,15] = 1.0
u[150,0,1,12] = 1.0
u[150,1,0,13] = 1.0
u[151,0,1,11] = 1.0
u[151,1,0,9] = 1.0
u[153,0,1,5] = 1.0
u[153,1,0,10] = 1.0
u[154,0,1,16] = 1.0
u[154,1,0,18] = 1.0
u[155,1,0,15] = 1.0
u[156,0,1,14] = 1.0
u[156,1,0,12] = 1.0
u[157,0,1,11] = 1.0
u[157,1,0,11] = 1.0
u[158,0,1,8] = 1.0
u[158,0,1,13] = 1.0
u[158,1,0,10] = 1.0
u[159,0,1,7] = 1.0
u[159,1,0,7] = 1.0
u[160,0,1,6] = 1.0
u[160,1,0,4] = 1.0
u[161,1,0,13] = 1.0
u[162,0,1,7] = 1.0
u[162,1,0,7] = 1.0
u[163,0,1,9] = 1.0
u[164,1,0,12] = 1.0
u[166,0,1,8] = 1.0
u[166,1,0,8] = 1.0
u[167,0,1,16] = 1.0
u[167,1,0,12] = 1.0
u[168,1,0,4] = 1.0
u[169,0,1,7] = 1.0
u[169,1,0,12] = 1.0
u[170,0,1,11] = 1.0
u[171,0,1,8] = 1.0
u[172,1,0,7] = 1.0
u[173,0,1,8] = 1.0
u[176,0,1,24] = 1.0
u[176,1,0,4] = 1.0
u[177,0,1,11] = 1.0
u[177,1,0,17] = 1.0
u[178,1,0,20] = 1.0
u[179,0,1,13] = 1.0
u[179,1,0,7] = 1.0
u[180,0,1,16] = 1.0
u[181,1,0,9] = 1.0
u[182,0,1,7] = 1.0
u[182,1,0,12] = 1.0
u[183,0,1,4] = 1.0
u[184,0,1,8] = 1.0
u[184,1,0,28] = 1.0
u[186,0,1,24] = 1.0
u[186,1,0,4] = 1.0
u[187,0,1,19] = 1.0
u[187,1,0,11] = 1.0
u[188,1,0,20] = 1.0
u[190,0,1,16] = 1.0
u[190,1,0,11] = 1.0
u[192,0,1,15] = 1.0
u[192,1,0,22] = 1.0
u[193,1,0,14] = 1.0
u[194,0,1,18] = 1.0
u[194,0,1,19] = 1.0
u[195,0,1,10] = 1.0
u[196,1,0,14] = 1.0
u[196,1,0,15] = 1.0
u[197,0,1,22] = 1.0
u[197,1,0,6] = 1.0
u[199,0,1,11] = 1.0
u[199,1,0,18] = 1.0
u[201,0,1,14] = 1.0
u[202,1,0,9] = 1.0
u[203,0,1,17] = 1.0
u[203,1,0,10] = 1.0
u[204,1,0,29] = 1.0
u[205,0,1,6] = 1.0
u[206,0,1,25] = 1.0
u[206,1,0,16] = 1.0
u[207,0,1,17] = 1.0
u[208,0,1,29] = 1.0
u[208,1,0,21] = 1.0
u[210,0,1,17] = 1.0
u[211,1,0,4] = 1.0
u[212,1,0,17] = 1.0
u[213,0,1,22] = 1.0
u[213,1,0,28] = 1.0
u[214,1,0,14] = 1.0
u[215,0,1,15] = 1.0
u[216,0,1,10] = 1.0
u[217,1,0,21] = 1.0
u[218,0,1,27] = 1.0
u[218,1,0,6] = 1.0
u[220,0,1,17] = 1.0
u[220,0,1,19] = 1.0
u[221,1,0,22] = 1.0
u[221,1,0,23] = 1.0
u[222,0,1,5] = 1.0
u[223,1,0,13] = 1.0
u[224,0,1,20] = 1.0
u[225,0,1,22] = 1.0
u[225,1,0,20] = 1.0
u[226,1,0,16] = 1.0
u[228,0,1,17] = 1.0
u[229,0,1,19] = 1.0
u[229,1,0,21] = 1.0
u[230,0,1,18] = 1.0
u[231,1,0,16] = 1.0
u[232,0,1,19] = 1.0
u[233,0,1,12] = 1.0
u[233,1,0,27] = 1.0
u[235,1,0,8] = 1.0
u[235,1,0,16] = 1.0
u[236,0,1,24] = 1.0
u[236,1,0,23] = 1.0
u[237,0,1,12] = 1.0
u[237,1,0,26] = 1.0
u[238,0,1,19] = 1.0
u[238,1,0,20] = 1.0
u[240,0,1,16] = 1.0
u[240,1,0,15] = 1.0
u[241,0,1,25] = 1.0
u[242,0,1,11] = 1.0
u[242,1,0,12] = 1.0
u[242,1,0,19] = 1.0
u[243,0,1,23] = 1.0
u[243,1,0,21] = 1.0
u[244,0,1,15] = 1.0
u[245,0,1,17] = 1.0
u[245,1,0,10] = 1.0
u[245,1,0,19] = 1.0
u[246,1,0,11] = 1.0
u[247,0,1,6] = 1.0
u[247,0,1,15] = 1.0
u[248,0,1,21] = 1.0
u[248,1,0,16] = 1.0
u[249,0,1,11] = 1.0
u[249,1,0,11] = 1.0
u[250,0,1,12] = 1.0
u[250,1,0,17] = 1.0
u[251,0,1,7] = 1.0
u[251,1,0,12] = 1.0
u[253,0,1,8] = 1.0
u[253,1,0,14] = 1.0
u[254,0,1,18] = 1.0
u[254,1,0,8] = 1.0
u[254,1,0,16] = 1.0
u[255,0,1,10] = 1.0
u[255,1,0,4] = 1.0
u[256,1,0,14] = 1.0
u[257,0,1,15] = 1.0
u[257,1,0,6] = 1.0
u[259,0,1,16] = 1.0
u[259,1,0,11] = 1.0
u[260,0,1,7] = 1.0
u[260,0,1,16] = 1.0
u[261,0,1,7] = 1.0
u[261,1,0,12] = 1.0
u[262,0,1,20] = 1.0
u[262,1,0,12] = 1.0
u[263,0,1,8] = 1.0
u[263,1,0,8] = 1.0
u[264,0,1,8] = 1.0
u[264,1,0,8] = 1.0
u[264,1,0,16] = 1.0
u[265,0,1,4] = 1.0
u[266,0,1,4] = 1.0
u[266,0,1,12] = 1.0
u[266,1,0,4] = 1.0
u[266,1,0,9] = 1.0
u[268,0,1,5] = 1.0
u[268,1,0,8] = 1.0
u[269,0,1,5] = 1.0
u[269,1,0,9] = 1.0
u[270,0,1,4] = 1.0
u[270,1,0,9] = 1.0
u[271,0,1,5] = 1.0
u[271,1,0,4] = 1.0
u[273,0,1,5] = 1.0
u[273,1,0,11] = 1.0
u[274,0,1,4] = 1.0
u[275,1,0,12] = 1.0
u[276,0,1,10] = 1.0
u[276,1,0,6] = 1.0
u[277,0,1,8] = 1.0
u[277,1,0,5] = 1.0
u[277,1,0,17] = 1.0
u[278,1,0,6] = 1.0
u[279,0,1,13] = 1.0
u[280,0,1,11] = 1.0
u[280,1,0,6] = 1.0
u[281,0,1,7] = 1.0
u[281,0,1,8] = 1.0
u[281,1,0,9] = 1.0
u[283,0,1,6] = 1.0
u[283,1,0,10] = 1.0
u[284,1,0,9] = 1.0
u[285,0,1,14] = 1.0
u[285,1,0,7] = 1.0
u[286,0,1,5] = 1.0
u[286,0,1,6] = 1.0
u[288,0,1,7] = 1.0
u[288,1,0,10] = 1.0
u[288,1,0,15] = 1.0
c[0,1,3,4] = 1.0
c[0,1,7,8] = 1.0
c[1,0,11,12] = 1.0
c[1,1,4,5] = 1.0
c[2,0,12,13] = 1.0
c[2,1,5,8] = 1.0
c[2,1,12,14] = 1.0
c[4,1,2,3] = 1.0
c[5,0,4,6] = 2.0
c[5,1,9,14] = 1.0
c[6,0,10,16] = 1.0
c[6,1,3,7] = 1.0
c[8,1,2,12] = 1.0
c[8,1,14,17] = 1.0
c[9,0,3,5] = 1.0
c[9,1,2,3] = 1.0
c[9,1,17,21] = 1.0
c[10,1,3,4] = 1.0
c[11,1,4,7] = 1.0
c[11,1,12,13] = 1.0
c[11,1,21,24] = 1.0
c[12,1,7,8] = 1.0
c[13,1,1,5] = 1.0
c[13,1,8,14] = 1.0
c[13,1,24,28] = 1.0
c[14,1,4,5] = 1.0
c[15,1,5,6] = 2.0
c[15,1,14,15] = 1.0
c[16,1,6,9] = 2.0
c[16,1,15,16] = 1.0
c[17,1,5,15] = 1.0
c[17,1,9,10] = 1.0
c[17,1,9,18] = 1.0
c[17,1,16,19] = 1.0
c[17,1,28,30] = 1.0
c[19,1,10,12] = 1.0
c[19,1,19,20] = 1.0
c[20,1,12,20] = 1.0
c[20,1,15,23] = 1.0
c[20,1,18,19] = 1.0
c[22,0,16,18] = 1.0
c[22,1,19,27] = 1.0
c[23,1,20,23] = 1.0
c[24,1,23,28] = 1.0
c[25,1,14,18] = 1.0
c[25,1,23,29] = 1.0
c[27,1,18,27] = 1.0
c[27,1,22,29] = 1.0
c[28,1,28,31] = 1.0
c[31,1,19,22] = 1.0
c[31,1,29,31] = 1.0
c[33,1,22,26] = 1.0
c[35,1,29,31] = 1.0
c[36,1,19,25] = 1.0
c[36,1,26,28] = 1.0
c[39,1,23,28] = 1.0
c[42,1,20,24] = 1.0
c[43,1,17,19] = 1.0
c[45,1,15,18] = 1.0
c[45,1,23,26] = 1.0
c[47,1,20,24] = 1.0
c[47,1,26,27] = 1.0
c[52,1,3,16] = 1.0
c[52,1,8,16] = 1.0
c[54,1,2,12] = 1.0
c[60,0,4,9] = 1.0
c[60,1,3,8] = 1.0
c[61,1,0,5] = 1.0
c[62,0,0,10] = 1.0
c[63,0,4,9] = 1.0
c[63,1,0,14] = 1.0
c[64,0,1,6] = 1.0
c[65,0,1,11] = 1.0
c[66,1,5,10] = 1.0
c[67,1,2,12] = 1.0
c[68,0,2,7] = 1.0
c[71,0,3,8] = 1.0
c[71,1,2,11] = 1.0
c[71,1,3,8] = 1.0
c[72,0,2,7] = 1.0
c[73,1,4,13] = 1.0
c[74,1,4,9] = 1.0
c[75,1,3,8] = 1.0
c[76,1,0,10] = 1.0
c[77,0,5,10] = 1.0
c[77,0,9,13] = 1.0
c[77,1,3,12] = 1.0
c[80,1,0,5] = 1.0
c[82,0,2,12] = 1.0
c[82,1,2,12] = 1.0
c[83,0,1,11] = 1.0
c[84,1,1,11] = 1.0
c[85,0,0,5] = 1.0
c[86,0,5,10] = 1.0
c[88,0,4,9] = 1.0
c[89,0,3,8] = 1.0
c[89,1,6,14] = 1.0
c[90,0,0,5] = 1.0
c[90,1,3,8] = 1.0
c[91,1,5,14] = 1.0
c[93,1,1,11] = 1.0
c[94,0,0,10] = 1.0
c[95,1,0,10] = 1.0
c[97,0,2,7] = 1.0
c[99,0,2,12] = 1.0
c[99,1,3,8] = 1.0
c[100,0,2,7] = 1.0
c[100,1,3,8] = 1.0
c[101,1,2,7] = 1.0
c[102,0,4,9] = 1.0
c[103,1,3,8] = 1.0
c[104,0,3,8] = 1.0
c[105,1,0,5] = 1.0
c[107,0,1,4] = 1.0
c[107,1,0,4] = 1.0
c[108,0,1,5] = 1.0
c[108,1,0,10] = 1.0
c[109,0,0,4] = 1.0
c[110,0,0,7] = 1.0
c[110,1,0,4] = 1.0
c[111,1,1,6] = 1.0
c[112,0,7,15] = 1.0
c[112,1,0,9] = 1.0
c[114,0,2,15] = 1.0
c[114,1,2,17] = 1.0
c[118,0,0,12] = 1.0
c[118,0,7,11] = 1.0
c[118,1,1,9] = 1.0
c[119,1,11,14] = 1.0
c[120,1,9,13] = 1.0
c[121,1,13,17] = 1.0
c[122,0,10,14] = 1.0
c[122,1,9,10] = 1.0
c[123,0,3,4] = 1.0
c[123,1,8,10] = 1.0
c[125,0,6,13] = 1.0
c[126,1,0,10] = 1.0
c[127,0,6,9] = 1.0
c[128,1,2,15] = 1.0
c[130,1,5,6] = 1.0
c[131,0,5,8] = 1.0
c[131,1,1,7] = 1.0
c[132,1,2,6] = 1.0
c[133,0,2,14] = 1.0
c[134,1,4,11] = 1.0
c[135,0,2,9] = 1.0
c[135,0,3,8] = 1.0
c[135,1,7,15] = 1.0
c[138,0,7,18] = 1.0
c[139,1,10,22] = 1.0
c[140,0,0,12] = 1.0
c[141,0,1,14] = 1.0
c[143,0,3,19] = 1.0
c[143,1,14,17] = 1.0
c[146,0,13,17] = 1.0
c[147,0,4,13] = 1.0
c[149,0,10,12] = 1.0
c[150,1,2,18] = 1.0
c[152,0,9,16] = 1.0
c[152,1,8,10] = 1.0
c[153,1,7,15] = 1.0
c[155,0,6,11] = 1.0
c[155,1,1,11] = 1.0
c[157,0,11,13] = 1.0
c[160,1,9,13] = 1.0
c[161,0,3,7] = 1.0
c[161,1,3,7] = 1.0
c[162,1,2,12] = 1.0
c[164,0,3,16] = 1.0
c[164,1,3,6] = 1.0
c[165,1,5,8] = 1.0
c[165,1,6,12] = 1.0
c[166,0,0,6] = 1.0
c[168,0,4,7] = 1.0
c[168,0,6,7] = 1.0
c[169,0,7,13] = 1.0
c[169,0,8,11] = 1.0
c[170,0,0,8] = 1.0
c[171,0,13,24] = 1.0
c[172,1,3,13] = 1.0
c[173,1,4,17] = 1.0
c[174,0,3,6] = 1.0
c[175,0,6,11] = 1.0
c[175,1,13,22] = 1.0
c[179,1,22,23] = 1.0
c[180,0,0,1] = 1.0
c[180,1,23,28] = 1.0
c[181,0,1,4] = 1.0
c[181,0,3,7] = 1.0
c[183,0,5,19] = 1.0
c[184,1,3,6] = 1.0
c[185,1,6,11] = 1.0
c[187,1,0,7] = 1.0
c[188,0,0,3] = 1.0
c[189,0,3,7] = 1.0
c[189,1,7,11] = 1.0
c[189,1,15,22] = 1.0
c[190,0,7,15] = 1.0
c[190,0,7,19] = 1.0
c[192,0,7,22] = 1.0
c[192,1,12,14] = 1.0
c[194,1,11,20] = 1.0
c[197,1,20,29] = 1.0
c[198,0,10,20] = 1.0
c[199,0,2,17] = 1.0
c[201,0,20,29] = 1.0
c[201,1,7,9] = 1.0
c[204,0,5,17] = 1.0
c[205,1,13,16] = 1.0
c[207,1,2,3] = 1.0
c[208,0,12,13] = 1.0
c[209,0,13,22] = 1.0
c[209,1,3,4] = 1.0
c[209,1,13,17] = 1.0
c[210,1,25,28] = 1.0
c[213,1,13,14] = 1.0
c[214,0,0,2] = 1.0
c[214,0,13,15] = 1.0
c[215,0,2,17] = 1.0
c[215,0,24,27] = 1.0
c[215,1,18,20] = 1.0
c[216,1,20,21] = 1.0
c[217,1,11,22] = 1.0
c[219,0,17,19] = 1.0
c[220,0,2,5] = 1.0
c[222,1,15,17] = 1.0
c[223,0,18,20] = 1.0
c[223,0,19,22] = 1.0
c[223,1,17,20] = 1.0
c[224,1,1,27] = 1.0
c[225,0,9,17] = 1.0
c[227,0,16,17] = 1.0
c[227,1,18,21] = 1.0
c[228,0,12,18] = 1.0
c[228,0,17,19] = 1.0
c[230,1,13,16] = 1.0
c[231,0,17,19] = 1.0
c[231,1,15,26] = 1.0
c[232,1,14,23] = 1.0
c[234,1,15,16] = 1.0
c[235,0,23,24] = 1.0
c[237,0,4,23] = 1.0
c[239,0,22,25] = 1.0
c[239,1,8,19] = 1.0
c[244,0,8,21] = 1.0
c[244,1,7,10] = 1.0
c[247,1,13,16] = 1.0
c[248,0,7,11] = 1.0
c[249,1,2,12] = 1.0
c[251,1,7,10] = 1.0
c[252,0,13,18] = 1.0
c[252,1,8,16] = 1.0
c[252,1,10,14] = 1.0
c[253,1,3,8] = 1.0
c[256,0,4,16] = 1.0
c[256,0,12,15] = 1.0
c[257,0,0,20] = 1.0
c[258,0,10,16] = 1.0
c[259,0,2,7] = 1.0
c[262,1,3,8] = 1.0
c[263,1,3,8] = 1.0
c[265,1,4,9] = 1.0
c[267,1,0,4] = 1.0
c[268,0,0,5] = 1.0
c[268,1,0,5] = 1.0
c[268,1,4,9] = 1.0
c[269,1,5,9] = 1.0
c[270,1,1,4] = 1.0
c[271,1,1,11] = 1.0
c[272,1,0,3] = 1.0
c[273,0,0,4] = 1.0
c[273,1,1,10] = 1.0
c[273,1,3,12] = 1.0
c[275,0,7,10] = 1.0
c[275,1,1,6] = 1.0
c[275,1,10,17] = 1.0
c[276,1,0,5] = 1.0
c[278,0,2,11] = 1.0
c[279,0,1,8] = 1.0
c[279,1,4,6] = 1.0
c[280,0,2,7] = 1.0
c[282,0,2,6] = 1.0
c[282,1,7,10] = 1.0
c[283,0,5,14] = 1.0
c[283,1,3,4] = 1.0
c[283,1,4,9] = 1.0
c[284,1,4,7] = 1.0
c[285,1,2,15] = 1.0
c[287,0,3,7] = 1.0
c[288,1,1,5] = 1.0
c[288,1,2,12] = 1.0
c[289,1,5,7] = 1.0
c[290,1,3,4] = 1.0
c[290,1,7,8] = 1.0
s[49,1,0] = 4.0
s[50,1,0] = 4.0
s[51,1,0] = 4.0
s[56,1,0] = 4.0
s[57,1,0] = 4.0
s[59,1,0] = 4.0
s[64,1,0] = 4.0
s[65,1,0] = 8.0
s[70,1,0] = 4.0
s[71,1,0] = 8.0
s[72,1,0] = 4.0
s[75,1,0] = 4.0
s[77,1,0] = 4.0
s[82,1,0] = 8.0
s[87,1,0] = 4.0
s[93,1,0] = 8.0
s[94,1,0] = 4.0
s[99,1,0] = 4.0
s[104,1,0] = 4.0
s[265,1,0] = 3.0
s[281,0,1] = 4.0
s[288,0,1] = 1.0
