results
n[0,0,11] = 1.0
n[0,1,7] = 2.0
n[0,1,12] = 1.0
n[1,0,3] = 1.0
n[1,0,11] = 1.0
n[1,1,7] = 2.0
n[10,1,10] = 1.0
n[14,1,0] = 1.0
n[16,1,1] = 1.0
n[17,1,1] = 1.0
n[24,1,20] = 1.0
n[26,1,21] = 1.0
n[27,0,24] = 1.0
n[30,1,31] = 1.0
n[31,1,31] = 1.0
n[32,1,23] = 1.0
n[43,1,26] = 1.0
n[174,1,1] = 1.0
n[175,1,16] = 1.0
n[180,1,19] = 1.0
n[202,0,1] = 1.0
n[211,0,1] = 1.0
n[216,1,1] = 1.0
n[217,1,1] = 2.0
n[221,1,10] = 1.0
n[224,1,0] = 1.0
n[226,1,1] = 1.0
n[241,0,10] = 1.0
n[243,0,6] = 1.0
n[246,0,2] = 1.0
n[254,1,8] = 1.0
n[280,1,3] = 1.0
n[282,1,1] = 1.0
n[290,0,11] = 1.0
n[290,1,7] = 2.0
n[290,1,12] = 1.0
u[1,1,0,12] = 1.0
u[2,0,1,11] = 1.0
u[3,0,1,8] = 1.0
u[3,1,0,8] = 1.0
u[4,0,1,7] = 1.0
u[4,1,0,7] = 1.0
u[5,0,1,4] = 1.0
u[5,1,0,12] = 1.0
u[7,1,0,8] = 1.0
u[8,0,1,12] = 2.0
u[9,0,1,4] = 1.0
u[10,1,0,8] = 1.0
u[12,0,1,4] = 1.0
u[13,1,0,23] = 1.0
u[15,0,1,19] = 1.0
u[16,1,0,19] = 1.0
u[18,0,1,15] = 1.0
u[25,1,0,28] = 1.0
u[28,0,1,24] = 1.0
u[30,1,0,31] = 1.0
u[32,0,1,27] = 1.0
u[32,1,0,31] = 1.0
u[34,0,1,27] = 1.0
u[35,1,0,29] = 1.0
u[37,1,0,31] = 1.0
u[38,0,1,26] = 1.0
u[39,0,1,27] = 1.0
u[40,1,0,27] = 1.0
u[42,0,1,23] = 1.0
u[43,1,0,30] = 1.0
u[44,1,0,27] = 1.0
u[45,0,1,26] = 1.0
u[45,1,0,27] = 1.0
u[46,0,1,23] = 1.0
u[47,0,1,23] = 1.0
u[47,1,0,22] = 1.0
u[47,1,0,31] = 1.0
u[48,1,0,19] = 1.0
u[48,1,0,26] = 1.0
u[49,0,1,18] = 1.0
u[49,0,1,27] = 1.0
u[50,0,1,15] = 1.0
u[50,0,1,22] = 1.0
u[50,1,0,21] = 1.0
u[52,0,1,17] = 1.0
u[52,1,0,24] = 1.0
u[54,0,1,20] = 1.0
u[54,1,0,18] = 1.0
u[55,1,0,24] = 1.0
u[56,0,1,14] = 1.0
u[56,1,0,16] = 1.0
u[57,0,1,20] = 1.0
u[57,1,0,27] = 1.0
u[58,0,1,12] = 1.0
u[59,0,1,23] = 1.0
u[59,1,0,16] = 1.0
u[59,1,0,25] = 1.0
u[60,1,0,17] = 1.0
u[61,0,1,12] = 1.0
u[61,0,1,21] = 1.0
u[62,0,1,13] = 1.0
u[62,1,0,16] = 1.0
u[62,1,0,21] = 1.0
u[63,1,0,17] = 1.0
u[64,0,1,17] = 1.0
u[65,0,1,13] = 1.0
u[65,1,0,13] = 1.0
u[65,1,0,16] = 1.0
u[66,0,1,17] = 1.0
u[66,1,0,13] = 1.0
u[67,0,1,9] = 1.0
u[67,0,1,12] = 1.0
u[67,1,0,9] = 1.0
u[68,0,1,9] = 1.0
u[68,1,0,13] = 1.0
u[69,0,1,5] = 1.0
u[69,1,0,5] = 1.0
u[69,1,0,8] = 1.0
u[70,0,1,9] = 1.0
u[71,1,0,10] = 1.0
u[72,0,1,6] = 1.0
u[72,0,1,9] = 1.0
u[73,0,1,6] = 1.0
u[73,1,0,11] = 1.0
u[74,1,0,14] = 1.0
u[75,0,1,7] = 1.0
u[76,1,0,12] = 1.0
u[76,1,0,14] = 1.0
u[77,0,1,14] = 1.0
u[77,1,0,12] = 1.0
u[78,0,1,8] = 1.0
u[78,0,1,10] = 1.0
u[78,1,0,8] = 1.0
u[79,0,1,8] = 1.0
u[79,1,0,10] = 1.0
u[80,0,1,4] = 1.0
u[80,1,0,6] = 1.0
u[81,0,1,6] = 1.0
u[81,1,0,9] = 1.0
u[82,1,0,9] = 1.0
u[83,0,1,5] = 1.0
u[83,0,1,7] = 1.0
u[83,1,0,5] = 1.0
u[84,0,1,5] = 1.0
u[84,1,0,7] = 1.0
u[86,0,1,6] = 1.0
u[86,1,0,8] = 1.0
u[87,0,1,8] = 1.0
u[87,1,0,11] = 1.0
u[88,0,1,4] = 1.0
u[89,0,1,7] = 1.0
u[89,1,0,4] = 1.0
u[89,1,0,15] = 1.0
u[90,1,0,12] = 1.0
u[91,0,1,11] = 1.0
u[91,1,0,5] = 1.0
u[92,0,1,8] = 1.0
u[92,1,0,8] = 1.0
u[93,0,1,10] = 1.0
u[93,1,0,7] = 1.0
u[94,0,1,4] = 1.0
u[94,0,1,6] = 1.0
u[94,1,0,4] = 1.0
u[95,1,0,6] = 1.0
u[96,0,1,8] = 1.0
u[97,0,1,5] = 1.0
u[97,1,0,5] = 1.0
u[98,1,0,4] = 1.0
u[98,1,0,12] = 1.0
u[99,0,1,12] = 1.0
u[100,0,1,8] = 1.0
u[100,1,0,6] = 1.0
u[101,0,1,5] = 1.0
u[102,1,0,4] = 1.0
u[103,0,1,7] = 1.0
u[103,0,1,18] = 1.0
u[104,1,0,19] = 1.0
u[105,1,0,14] = 1.0
u[106,0,1,15] = 1.0
u[107,0,1,10] = 1.0
u[107,1,0,18] = 1.0
u[108,1,0,16] = 1.0
u[109,0,1,14] = 1.0
u[109,1,0,6] = 1.0
u[110,0,1,12] = 1.0
u[110,1,0,18] = 1.0
u[111,0,1,24] = 1.0
u[112,0,1,14] = 1.0
u[112,1,0,14] = 1.0
u[113,0,1,12] = 1.0
u[113,1,0,20] = 1.0
u[114,0,1,10] = 1.0
u[114,1,0,16] = 1.0
u[115,0,1,16] = 1.0
u[115,1,0,13] = 1.0
u[116,0,1,12] = 1.0
u[116,1,0,6] = 1.0
u[117,0,1,9] = 1.0
u[117,1,0,16] = 1.0
u[118,1,0,15] = 1.0
u[119,0,1,12] = 1.0
u[119,1,0,12] = 1.0
u[120,0,1,11] = 1.0
u[120,0,1,12] = 1.0
u[120,1,0,10] = 1.0
u[121,0,1,8] = 1.0
u[121,1,0,8] = 1.0
u[122,0,1,6] = 1.0
u[122,1,0,7] = 1.0
u[122,1,0,8] = 1.0
u[123,0,1,4] = 1.0
u[123,1,0,4] = 1.0
u[124,0,1,4] = 1.0
u[125,0,1,8] = 1.0
u[125,1,0,7] = 1.0
u[126,0,1,5] = 1.0
u[127,1,0,5] = 1.0
u[128,0,1,8] = 1.0
u[128,1,0,9] = 1.0
u[129,1,0,17] = 1.0
u[130,0,1,5] = 1.0
u[130,1,0,10] = 1.0
u[131,0,1,13] = 1.0
u[131,1,0,9] = 1.0
u[132,0,1,6] = 1.0
u[132,0,1,15] = 1.0
u[133,0,1,5] = 1.0
u[133,1,0,6] = 1.0
u[133,1,0,9] = 1.0
u[134,1,0,11] = 1.0
u[135,0,1,5] = 1.0
u[136,0,1,7] = 1.0
u[136,1,0,12] = 1.0
u[137,0,1,12] = 1.0
u[137,1,0,11] = 1.0
u[138,0,1,8] = 1.0
u[138,1,0,6] = 1.0
u[139,0,1,7] = 1.0
u[139,1,0,8] = 2.0
u[140,1,0,4] = 1.0
u[141,0,1,4] = 2.0
u[141,0,1,6] = 1.0
u[142,1,0,8] = 1.0
u[143,0,1,5] = 1.0
u[144,0,1,4] = 1.0
u[144,1,0,5] = 1.0
u[145,1,0,8] = 1.0
u[145,1,0,12] = 1.0
u[147,0,1,8] = 1.0
u[147,1,0,11] = 1.0
u[148,0,1,11] = 1.0
u[148,1,0,10] = 1.0
u[149,0,1,7] = 1.0
u[149,0,1,13] = 1.0
u[150,0,1,6] = 1.0
u[150,1,0,7] = 1.0
u[150,1,0,9] = 1.0
u[152,0,1,5] = 1.0
u[152,1,0,10] = 1.0
u[153,1,0,12] = 1.0
u[154,0,1,6] = 1.0
u[154,0,1,11] = 1.0
u[154,1,0,12] = 1.0
u[155,1,0,5] = 1.0
u[156,0,1,8] = 1.0
u[156,1,0,7] = 1.0
u[157,0,1,13] = 1.0
u[157,1,0,7] = 1.0
u[158,0,1,6] = 1.0
u[158,1,0,4] = 1.0
u[160,0,1,8] = 1.0
u[160,1,0,13] = 1.0
u[161,0,1,4] = 1.0
u[161,1,0,7] = 1.0
u[162,0,1,9] = 1.0
u[162,1,0,4] = 1.0
u[163,0,1,19] = 1.0
u[164,0,1,8] = 1.0
u[164,1,0,5] = 1.0
u[165,1,0,15] = 1.0
u[166,1,0,4] = 1.0
u[167,1,0,16] = 1.0
u[168,0,1,11] = 1.0
u[168,0,1,13] = 1.0
u[170,1,0,9] = 1.0
u[171,0,1,23] = 1.0
u[171,1,0,11] = 1.0
u[172,0,1,5] = 1.0
u[173,0,1,7] = 1.0
u[173,0,1,20] = 2.0
u[173,1,0,19] = 1.0
u[175,0,1,15] = 1.0
u[175,1,0,16] = 1.0
u[176,1,0,16] = 1.0
u[177,1,0,9] = 1.0
u[178,0,1,12] = 1.0
u[178,1,0,14] = 1.0
u[180,0,1,20] = 1.0
u[180,1,0,8] = 1.0
u[181,0,1,13] = 2.0
u[181,1,0,19] = 1.0
u[182,0,1,4] = 1.0
u[183,0,1,15] = 1.0
u[183,1,0,9] = 1.0
u[184,1,0,13] = 1.0
u[185,1,0,5] = 1.0
u[185,1,0,11] = 1.0
u[185,1,0,22] = 1.0
u[186,0,1,9] = 1.0
u[186,0,1,10] = 1.0
u[187,0,1,7] = 1.0
u[188,0,1,20] = 1.0
u[188,1,0,5] = 1.0
u[188,1,0,6] = 1.0
u[190,0,1,15] = 1.0
u[190,1,0,16] = 1.0
u[192,0,1,12] = 2.0
u[193,0,1,15] = 1.0
u[193,1,0,13] = 1.0
u[194,1,0,8] = 1.0
u[195,0,1,9] = 1.0
u[195,1,0,11] = 2.0
u[196,1,0,25] = 1.0
u[197,0,1,7] = 2.0
u[198,0,1,21] = 1.0
u[198,1,0,10] = 1.0
u[200,0,1,6] = 1.0
u[200,0,1,19] = 1.0
u[200,1,0,5] = 2.0
u[200,1,0,17] = 1.0
u[202,1,0,15] = 1.0
u[203,0,1,16] = 1.0
u[204,0,1,11] = 1.0
u[204,1,0,12] = 1.0
u[205,0,1,10] = 1.0
u[205,1,0,12] = 1.0
u[206,0,1,8] = 1.0
u[206,1,0,7] = 1.0
u[208,0,1,21] = 1.0
u[208,1,0,4] = 1.0
u[209,0,1,16] = 1.0
u[210,1,0,17] = 2.0
u[211,0,1,13] = 1.0
u[211,1,0,12] = 1.0
u[212,0,1,13] = 2.0
u[213,0,1,8] = 1.0
u[213,1,0,9] = 1.0
u[214,0,1,5] = 1.0
u[214,1,0,9] = 1.0
u[215,0,1,5] = 1.0
u[215,1,0,4] = 1.0
u[216,1,0,11] = 1.0
u[217,0,1,7] = 1.0
u[218,0,1,4] = 1.0
u[219,1,0,4] = 2.0
u[220,0,1,14] = 1.0
u[222,0,1,4] = 1.0
u[222,1,0,9] = 1.0
u[224,0,1,5] = 1.0
u[224,1,0,17] = 2.0
u[227,0,1,19] = 1.0
u[227,1,0,4] = 1.0
u[228,0,1,17] = 1.0
u[229,1,0,9] = 1.0
u[231,0,1,5] = 1.0
u[231,1,0,14] = 1.0
u[232,0,1,14] = 1.0
u[232,1,0,22] = 1.0
u[233,0,1,10] = 1.0
u[233,0,1,26] = 1.0
u[234,1,0,10] = 1.0
u[235,0,1,20] = 1.0
u[235,1,0,6] = 1.0
u[235,1,0,22] = 1.0
u[236,0,1,6] = 1.0
u[237,0,1,18] = 1.0
u[237,1,0,16] = 1.0
u[238,0,1,7] = 1.0
u[238,1,0,20] = 1.0
u[239,1,0,14] = 1.0
u[240,0,1,16] = 1.0
u[240,1,0,6] = 1.0
u[241,1,0,4] = 1.0
u[242,0,1,10] = 1.0
u[242,1,0,12] = 1.0
u[244,0,1,8] = 1.0
u[244,1,0,6] = 1.0
u[245,0,1,7] = 2.0
u[246,1,0,4] = 1.0
u[247,0,1,28] = 1.0
u[248,1,0,8] = 1.0
u[249,0,1,8] = 1.0
u[249,1,0,24] = 1.0
u[250,1,0,16] = 1.0
u[251,0,1,20] = 1.0
u[252,0,1,12] = 1.0
u[252,1,0,8] = 1.0
u[253,1,0,16] = 1.0
u[254,0,1,18] = 1.0
u[255,0,1,12] = 1.0
u[255,1,0,8] = 1.0
u[256,1,0,14] = 1.0
u[257,0,1,26] = 1.0
u[257,1,0,8] = 1.0
u[258,0,1,10] = 1.0
u[259,0,1,4] = 1.0
u[259,0,1,22] = 1.0
u[259,1,0,22] = 1.0
u[260,1,0,6] = 1.0
u[261,0,1,18] = 1.0
u[261,1,0,18] = 1.0
u[262,1,0,4] = 1.0
u[263,1,0,14] = 1.0
u[264,0,1,25] = 1.0
u[265,0,1,10] = 1.0
u[265,0,1,20] = 1.0
u[266,0,1,10] = 1.0
u[266,1,0,21] = 1.0
u[267,0,1,20] = 1.0
u[267,1,0,6] = 1.0
u[267,1,0,16] = 1.0
u[268,0,1,17] = 1.0
u[268,1,0,6] = 1.0
u[269,0,1,12] = 1.0
u[269,1,0,16] = 1.0
u[270,0,1,7] = 1.0
u[270,1,0,13] = 1.0
u[271,0,1,12] = 1.0
u[271,1,0,8] = 1.0
u[272,0,1,12] = 1.0
u[273,0,1,4] = 1.0
u[273,1,0,8] = 1.0
u[274,0,1,14] = 1.0
u[274,1,0,8] = 1.0
u[275,0,1,4] = 1.0
u[276,1,0,5] = 1.0
u[277,1,0,13] = 1.0
u[277,1,0,18] = 1.0
u[278,0,1,7] = 1.0
u[278,1,0,5] = 1.0
u[279,0,1,14] = 1.0
u[280,0,1,5] = 1.0
u[281,0,1,5] = 1.0
u[281,0,1,15] = 1.0
u[281,1,0,10] = 1.0
u[282,1,0,5] = 1.0
u[283,0,1,6] = 1.0
u[283,1,0,11] = 1.0
u[284,1,0,6] = 2.0
u[285,0,1,6] = 1.0
u[285,0,1,7] = 1.0
u[288,0,1,11] = 2.0
u[288,1,0,6] = 1.0
u[288,1,0,15] = 1.0
c[0,0,2,3] = 1.0
c[2,0,3,4] = 1.0
c[2,1,7,8] = 1.0
c[2,1,7,9] = 1.0
c[3,0,4,7] = 1.0
c[3,1,9,10] = 1.0
c[4,1,10,12] = 1.0
c[5,1,4,6] = 1.0
c[6,0,3,8] = 1.0
c[6,1,3,8] = 1.0
c[6,1,6,13] = 1.0
c[7,0,8,12] = 2.0
c[7,1,0,3] = 1.0
c[8,1,3,8] = 1.0
c[8,1,13,16] = 1.0
c[9,1,8,10] = 1.0
c[9,1,16,22] = 1.0
c[10,1,8,10] = 1.0
c[11,1,0,3] = 1.0
c[11,1,10,16] = 2.0
c[12,1,3,8] = 1.0
c[12,1,22,23] = 1.0
c[13,1,8,19] = 1.0
c[13,1,16,22] = 2.0
c[15,1,0,1] = 1.0
c[16,1,22,24] = 2.0
c[17,1,15,25] = 1.0
c[18,1,1,19] = 1.0
c[18,1,24,28] = 2.0
c[20,1,11,22] = 1.0
c[22,1,25,28] = 1.0
c[22,1,28,30] = 2.0
c[23,1,19,20] = 1.0
c[24,1,22,27] = 1.0
c[25,1,20,21] = 1.0
c[26,1,30,31] = 2.0
c[27,1,21,22] = 1.0
c[28,1,22,23] = 1.0
c[28,1,27,28] = 1.0
c[29,1,23,24] = 1.0
c[30,1,20,23] = 1.0
c[30,1,24,29] = 1.0
c[30,1,28,31] = 1.0
c[33,1,23,24] = 1.0
c[34,1,23,26] = 1.0
c[34,1,24,25] = 1.0
c[35,1,25,26] = 1.0
c[36,1,23,24] = 1.0
c[36,1,26,27] = 2.0
c[37,0,25,26] = 1.0
c[37,1,24,25] = 1.0
c[37,1,27,28] = 2.0
c[38,1,25,26] = 1.0
c[39,1,26,27] = 1.0
c[39,1,28,29] = 2.0
c[40,1,22,25] = 1.0
c[41,1,23,26] = 1.0
c[41,1,29,30] = 2.0
c[42,1,25,26] = 1.0
c[43,1,26,27] = 1.0
c[43,1,30,31] = 1.0
c[44,1,19,26] = 1.0
c[44,1,26,27] = 1.0
c[49,1,19,21] = 1.0
c[51,1,14,24] = 1.0
c[51,1,23,24] = 1.0
c[52,1,11,18] = 1.0
c[52,1,18,27] = 1.0
c[54,1,13,25] = 1.0
c[58,1,10,17] = 1.0
c[60,1,8,16] = 1.0
c[61,1,19,21] = 1.0
c[63,1,8,16] = 1.0
c[64,0,12,15] = 1.0
c[64,1,9,13] = 1.0
c[65,0,15,17] = 1.0
c[70,1,5,10] = 1.0
c[71,0,1,6] = 1.0
c[71,0,4,9] = 1.0
c[71,1,1,11] = 1.0
c[72,1,5,14] = 1.0
c[74,1,2,12] = 1.0
c[74,1,5,14] = 1.0
c[75,1,2,12] = 1.0
c[76,0,10,14] = 1.0
c[77,1,3,8] = 1.0
c[80,1,4,9] = 1.0
c[81,1,4,9] = 1.0
c[82,0,2,7] = 1.0
c[82,1,0,5] = 1.0
c[83,1,2,7] = 1.0
c[85,0,1,6] = 1.0
c[85,1,1,11] = 1.0
c[85,1,3,8] = 1.0
c[86,0,3,8] = 1.0
c[86,1,1,15] = 1.0
c[88,1,2,12] = 1.0
c[90,1,0,5] = 1.0
c[91,0,0,10] = 1.0
c[91,1,3,8] = 1.0
c[93,0,1,6] = 1.0
c[95,0,3,8] = 1.0
c[96,0,0,5] = 1.0
c[96,1,0,5] = 1.0
c[96,1,2,12] = 1.0
c[97,0,2,12] = 1.0
c[99,0,1,18] = 1.0
c[99,1,1,6] = 1.0
c[100,0,0,5] = 1.0
c[101,1,8,19] = 1.0
c[102,0,2,7] = 1.0
c[103,1,1,18] = 1.0
c[104,0,0,24] = 1.0
c[105,1,3,16] = 1.0
c[108,1,11,18] = 1.0
c[111,0,2,12] = 1.0
c[111,1,10,14] = 1.0
c[112,1,8,16] = 1.0
c[114,1,10,13] = 1.0
c[115,1,8,16] = 1.0
c[117,1,12,15] = 1.0
c[118,0,2,12] = 1.0
c[118,1,8,12] = 1.0
c[119,1,5,10] = 1.0
c[124,0,3,8] = 1.0
c[124,1,2,7] = 1.0
c[125,0,0,5] = 1.0
c[125,1,0,5] = 1.0
c[126,1,0,5] = 1.0
c[126,1,5,10] = 1.0
c[127,0,3,8] = 1.0
c[127,1,4,9] = 1.0
c[127,1,10,17] = 1.0
c[128,1,1,5] = 1.0
c[129,0,1,15] = 1.0
c[129,1,5,10] = 1.0
c[130,1,4,9] = 1.0
c[132,1,1,6] = 1.0
c[134,1,2,12] = 1.0
c[135,0,2,12] = 1.0
c[135,1,1,11] = 1.0
c[137,1,1,6] = 1.0
c[138,1,3,8] = 1.0
c[140,0,2,6] = 1.0
c[141,1,3,8] = 1.0
c[142,0,0,5] = 1.0
c[143,1,0,5] = 1.0
c[143,1,0,8] = 1.0
c[143,1,2,12] = 1.0
c[145,1,1,11] = 1.0
c[146,0,1,11] = 1.0
c[146,1,0,10] = 1.0
c[147,0,4,13] = 1.0
c[149,1,4,9] = 1.0
c[151,1,3,12] = 1.0
c[151,1,9,10] = 1.0
c[152,0,3,8] = 1.0
c[152,1,2,12] = 1.0
c[153,0,8,11] = 1.0
c[154,1,1,5] = 1.0
c[155,0,8,13] = 1.0
c[156,1,2,7] = 1.0
c[157,0,1,6] = 1.0
c[158,0,3,5] = 1.0
c[159,0,3,19] = 1.0
c[159,0,5,8] = 1.0
c[159,1,9,13] = 1.0
c[160,0,0,4] = 1.0
c[160,1,2,7] = 1.0
c[163,0,3,8] = 1.0
c[163,1,0,9] = 1.0
c[164,0,0,23] = 1.0
c[165,1,9,16] = 1.0
c[166,0,1,11] = 1.0
c[167,0,11,13] = 1.0
c[168,0,0,20] = 1.0
c[169,0,12,13] = 1.0
c[170,0,13,14] = 1.0
c[170,1,7,11] = 1.0
c[171,0,14,20] = 1.0
c[175,1,1,9] = 1.0
c[175,1,3,11] = 1.0
c[177,0,12,20] = 1.0
c[177,1,11,14] = 2.0
c[178,1,14,19] = 1.0
c[179,0,5,10] = 1.0
c[180,0,10,13] = 2.0
c[182,1,16,18] = 1.0
c[183,1,9,13] = 1.0
c[183,1,18,22] = 1.0
c[184,1,0,5] = 1.0
c[185,0,5,10] = 1.0
c[187,0,1,15] = 1.0
c[187,0,18,20] = 1.0
c[189,1,3,25] = 1.0
c[190,0,1,15] = 1.0
c[190,0,2,12] = 1.0
c[192,1,11,13] = 1.0
c[194,1,8,11] = 1.0
c[196,0,4,19] = 1.0
c[197,1,5,10] = 1.0
c[199,1,3,5] = 2.0
c[202,0,1,21] = 1.0
c[202,0,13,16] = 1.0
c[202,1,2,12] = 1.0
c[203,0,1,10] = 1.0
c[207,0,8,16] = 1.0
c[207,1,6,17] = 1.0
c[208,0,3,13] = 1.0
c[210,0,0,1] = 1.0
c[212,0,1,4] = 1.0
c[213,0,4,5] = 1.0
c[214,1,9,10] = 1.0
c[215,1,10,11] = 1.0
c[216,0,5,7] = 1.0
c[217,0,0,4] = 1.0
c[218,0,7,14] = 1.0
c[218,1,1,4] = 2.0
c[219,1,3,10] = 1.0
c[220,1,0,9] = 1.0
c[221,0,0,4] = 2.0
c[222,0,4,11] = 1.0
c[222,1,10,17] = 2.0
c[224,0,11,19] = 1.0
c[225,1,0,3] = 1.0
c[226,0,13,17] = 2.0
c[226,1,3,4] = 1.0
c[227,1,1,9] = 1.0
c[228,0,17,26] = 1.0
c[229,0,0,14] = 1.0
c[229,1,15,22] = 1.0
c[230,1,13,14] = 1.0
c[233,1,1,20] = 1.0
c[234,0,18,20] = 1.0
c[237,0,2,7] = 1.0
c[238,1,2,5] = 1.0
c[239,0,12,28] = 1.0
c[239,1,5,6] = 1.0
c[240,1,3,4] = 1.0
c[242,0,2,6] = 1.0
c[243,0,0,7] = 1.0
c[244,0,6,7] = 1.0
c[247,0,2,8] = 1.0
c[247,1,3,8] = 2.0
c[248,0,0,22] = 1.0
c[248,1,8,16] = 1.0
c[250,0,4,18] = 1.0
c[251,1,4,8] = 1.0
c[254,0,4,22] = 1.0
c[254,0,22,26] = 1.0
c[257,0,4,19] = 1.0
c[261,0,19,25] = 1.0
c[261,1,0,4] = 1.0
c[262,0,2,20] = 1.0
c[263,0,14,20] = 1.0
c[264,0,0,10] = 1.0
c[269,0,2,7] = 1.0
c[270,0,2,12] = 1.0
c[272,0,9,14] = 1.0
c[272,1,3,10] = 1.0
c[274,1,10,18] = 1.0
c[275,1,0,5] = 1.0
c[276,0,4,5] = 1.0
c[276,1,10,13] = 1.0
c[277,0,5,7] = 1.0
c[277,1,0,5] = 1.0
c[278,0,1,2] = 1.0
c[279,0,2,5] = 1.0
c[279,0,9,12] = 1.0
c[280,0,1,5] = 1.0
c[280,0,12,15] = 1.0
c[281,1,3,5] = 1.0
c[283,1,1,6] = 2.0
c[284,0,1,6] = 1.0
c[285,1,2,15] = 1.0
c[286,0,2,11] = 2.0
c[287,1,2,7] = 1.0
c[287,1,3,6] = 1.0
c[288,1,7,12] = 1.0
c[290,0,2,3] = 1.0
s[71,1,0] = 4.0
s[77,1,0] = 4.0
s[94,1,0] = 4.0
s[125,1,0] = 4.0
s[132,1,0] = 4.0
s[142,1,0] = 4.0
s[180,0,1] = 2.0
