results
n[0,0,2] = 1.0
n[0,0,9] = 1.0
n[0,1,4] = 1.0
n[0,1,20] = 1.0
n[0,1,32] = 1.0
n[1,1,4] = 1.0
n[1,1,32] = 1.0
n[2,0,10] = 1.0
n[2,1,32] = 1.0
n[3,1,32] = 1.0
n[4,1,32] = 1.0
n[5,1,32] = 1.0
n[6,1,32] = 1.0
n[7,1,32] = 1.0
n[8,0,3] = 2.0
n[8,1,32] = 1.0
n[9,1,32] = 1.0
n[10,1,32] = 1.0
n[11,1,8] = 1.0
n[11,1,32] = 1.0
n[12,1,8] = 1.0
n[12,1,32] = 1.0
n[13,0,10] = 1.0
n[13,1,8] = 1.0
n[13,1,32] = 1.0
n[14,1,32] = 1.0
n[15,1,9] = 2.0
n[15,1,32] = 1.0
n[16,0,2] = 1.0
n[16,1,32] = 1.0
n[17,1,32] = 1.0
n[18,0,5] = 2.0
n[18,1,32] = 1.0
n[19,1,32] = 1.0
n[20,0,6] = 2.0
n[20,1,32] = 1.0
n[21,1,32] = 1.0
n[22,1,32] = 1.0
n[23,1,19] = 1.0
n[23,1,32] = 1.0
n[24,1,32] = 1.0
n[25,1,32] = 1.0
n[26,1,32] = 1.0
n[27,1,32] = 1.0
n[28,1,32] = 1.0
n[29,1,18] = 2.0
n[29,1,32] = 1.0
n[30,1,18] = 1.0
n[30,1,32] = 1.0
n[31,1,32] = 1.0
n[32,1,32] = 1.0
n[33,1,32] = 1.0
n[34,1,32] = 1.0
n[35,1,32] = 1.0
n[36,1,32] = 1.0
n[37,1,32] = 1.0
n[38,1,32] = 1.0
n[39,1,32] = 1.0
n[40,1,32] = 1.0
n[41,1,32] = 1.0
n[42,1,32] = 1.0
n[43,1,32] = 1.0
n[44,1,32] = 1.0
n[45,1,32] = 1.0
n[46,1,32] = 1.0
n[47,1,32] = 1.0
n[48,1,32] = 1.0
n[49,1,32] = 1.0
n[50,1,32] = 1.0
n[52,1,26] = 1.0
n[55,0,22] = 1.0
n[55,1,24] = 1.0
n[56,0,22] = 1.0
n[62,1,24] = 1.0
n[63,1,10] = 1.0
n[76,0,11] = 1.0
n[77,1,23] = 1.0
n[82,0,17] = 1.0
n[95,1,14] = 1.0
n[98,0,10] = 1.0
n[99,1,7] = 1.0
n[112,1,3] = 1.0
n[135,1,9] = 1.0
n[217,0,13] = 1.0
n[218,0,13] = 1.0
n[219,1,10] = 1.0
n[222,1,11] = 1.0
n[225,1,17] = 1.0
n[226,1,19] = 1.0
n[238,0,10] = 1.0
n[276,1,15] = 1.0
n[280,0,12] = 1.0
n[281,1,4] = 1.0
n[282,0,12] = 1.0
n[289,0,9] = 1.0
n[289,1,4] = 1.0
n[290,0,2] = 1.0
n[290,0,9] = 1.0
n[290,1,4] = 1.0
n[290,1,20] = 1.0
n[290,1,32] = 1.0
u[1,1,0,20] = 1.0
u[2,0,1,4] = 1.0
u[3,0,1,16] = 1.0
u[3,1,0,7] = 1.0
u[4,0,1,11] = 1.0
u[6,0,1,8] = 1.0
u[6,1,0,7] = 2.0
u[6,1,0,15] = 1.0
u[9,0,1,12] = 1.0
u[11,0,1,9] = 1.0
u[11,1,0,14] = 1.0
u[12,0,1,12] = 1.0
u[14,0,1,10] = 1.0
u[14,1,0,6] = 1.0
u[16,1,0,9] = 2.0
u[18,0,1,7] = 1.0
u[21,0,1,6] = 1.0
u[23,0,1,12] = 1.0
u[35,1,0,30] = 1.0
u[38,1,0,31] = 1.0
u[43,0,1,29] = 1.0
u[44,1,0,31] = 1.0
u[46,0,1,31] = 1.0
u[46,1,0,31] = 1.0
u[48,0,1,27] = 1.0
u[50,1,0,29] = 1.0
u[51,1,0,32] = 1.0
u[52,0,1,25] = 1.0
u[53,0,1,28] = 1.0
u[53,1,0,26] = 1.0
u[54,1,0,21] = 1.0
u[56,0,1,17] = 1.0
u[56,1,0,24] = 1.0
u[56,1,0,31] = 1.0
u[57,0,1,22] = 1.0
u[58,0,1,20] = 1.0
u[58,1,0,13] = 1.0
u[59,1,0,18] = 1.0
u[60,0,1,28] = 1.0
u[60,1,0,16] = 1.0
u[61,0,1,14] = 1.0
u[63,1,0,24] = 1.0
u[65,0,1,20] = 1.0
u[65,1,0,12] = 1.0
u[66,0,1,22] = 1.0
u[66,0,1,32] = 1.0
u[67,0,1,8] = 1.0
u[67,1,0,16] = 1.0
u[68,0,1,27] = 1.0
u[70,1,0,23] = 1.0
u[72,0,1,19] = 2.0
u[72,1,0,30] = 1.0
u[74,1,0,15] = 2.0
u[75,0,1,27] = 1.0
u[76,0,1,11] = 1.0
u[76,1,0,24] = 1.0
u[76,1,0,29] = 1.0
u[77,0,1,11] = 1.0
u[78,0,1,20] = 1.0
u[78,0,1,25] = 1.0
u[78,1,0,23] = 1.0
u[80,1,0,16] = 1.0
u[80,1,0,21] = 1.0
u[81,0,1,21] = 1.0
u[81,1,0,13] = 1.0
u[82,0,1,12] = 1.0
u[82,1,0,20] = 1.0
u[83,0,1,9] = 1.0
u[83,0,1,17] = 1.0
u[83,1,0,17] = 1.0
u[84,0,1,16] = 1.0
u[84,1,0,8] = 1.0
u[85,0,1,13] = 1.0
u[85,1,0,13] = 1.0
u[86,0,1,4] = 1.0
u[86,1,0,12] = 1.0
u[87,0,1,9] = 1.0
u[87,1,0,9] = 1.0
u[89,1,0,4] = 1.0
u[90,0,1,15] = 1.0
u[90,1,0,22] = 1.0
u[92,0,1,18] = 1.0
u[92,1,0,11] = 1.0
u[93,0,1,6] = 1.0
u[93,0,1,18] = 1.0
u[93,1,0,18] = 1.0
u[94,0,1,7] = 1.0
u[94,1,0,14] = 1.0
u[95,0,1,14] = 1.0
u[96,1,0,5] = 1.0
u[96,1,0,14] = 1.0
u[97,0,1,11] = 1.0
u[97,1,0,10] = 1.0
u[99,0,1,6] = 1.0
u[99,0,1,10] = 1.0
u[99,1,0,16] = 1.0
u[101,1,0,11] = 1.0
u[102,1,0,10] = 1.0
u[103,0,1,7] = 1.0
u[104,0,1,6] = 1.0
u[105,0,1,21] = 1.0
u[105,1,0,16] = 1.0
u[106,0,1,25] = 1.0
u[107,1,0,17] = 1.0
u[108,0,1,13] = 1.0
u[108,1,0,11] = 1.0
u[108,1,0,21] = 1.0
u[109,1,0,19] = 1.0
u[110,0,1,7] = 1.0
u[110,0,1,16] = 1.0
u[110,0,1,17] = 1.0
u[110,1,0,9] = 1.0
u[111,0,1,15] = 1.0
u[112,1,0,12] = 1.0
u[112,1,0,13] = 1.0
u[113,1,0,11] = 1.0
u[114,0,1,9] = 1.0
u[114,1,0,8] = 1.0
u[116,0,1,20] = 1.0
u[116,1,0,5] = 1.0
u[117,0,1,12] = 1.0
u[118,0,1,21] = 1.0
u[118,1,0,16] = 1.0
u[120,0,1,12] = 1.0
u[120,1,0,17] = 1.0
u[121,0,1,21] = 1.0
u[121,1,0,15] = 1.0
u[122,0,1,13] = 1.0
u[122,0,1,18] = 1.0
u[122,1,0,8] = 1.0
u[123,0,1,11] = 1.0
u[123,1,0,17] = 1.0
u[124,0,1,4] = 1.0
u[124,1,0,14] = 1.0
u[125,0,1,13] = 1.0
u[125,1,0,7] = 1.0
u[125,1,0,13] = 1.0
u[127,0,1,9] = 1.0
u[127,0,1,14] = 1.0
u[127,1,0,9] = 1.0
u[128,0,1,8] = 1.0
u[128,1,0,8] = 1.0
u[129,1,0,5] = 1.0
u[130,1,0,4] = 1.0
u[131,0,1,12] = 1.0
u[131,1,0,17] = 1.0
u[132,0,1,12] = 1.0
u[133,0,1,4] = 1.0
u[133,0,1,13] = 1.0
u[133,1,0,8] = 1.0
u[134,1,0,8] = 1.0
u[135,0,1,4] = 1.0
u[135,0,1,14] = 1.0
u[136,0,1,4] = 1.0
u[136,1,0,9] = 1.0
u[137,1,0,10] = 1.0
u[138,0,1,5] = 1.0
u[139,0,1,6] = 1.0
u[139,1,0,17] = 1.0
u[140,1,0,6] = 1.0
u[141,0,1,13] = 1.0
u[141,1,0,16] = 1.0
u[143,1,0,9] = 1.0
u[144,0,1,10] = 1.0
u[144,1,0,14] = 1.0
u[146,0,1,7] = 1.0
u[146,1,0,6] = 1.0
u[147,0,1,22] = 1.0
u[147,1,0,24] = 1.0
u[149,0,1,20] = 1.0
u[149,1,0,18] = 1.0
u[150,0,1,11] = 1.0
u[150,1,0,10] = 1.0
u[151,0,1,14] = 1.0
u[151,0,1,22] = 1.0
u[151,1,0,16] = 1.0
u[152,0,1,6] = 1.0
u[153,1,0,9] = 1.0
u[153,1,0,10] = 1.0
u[153,1,0,18] = 1.0
u[155,0,1,5] = 1.0
u[155,0,1,6] = 1.0
u[156,0,1,21] = 1.0
u[156,1,0,9] = 1.0
u[158,0,1,5] = 1.0
u[158,1,0,17] = 1.0
u[159,0,1,22] = 1.0
u[159,1,0,10] = 1.0
u[160,0,1,13] = 1.0
u[160,1,0,13] = 1.0
u[161,0,1,6] = 1.0
u[161,1,0,18] = 1.0
u[163,0,1,11] = 1.0
u[163,0,1,14] = 1.0
u[164,1,0,15] = 1.0
u[165,1,0,10] = 1.0
u[166,0,1,11] = 1.0
u[168,1,0,21] = 1.0
u[169,0,1,14] = 1.0
u[170,0,1,17] = 1.0
u[170,1,0,22] = 1.0
u[171,1,0,17] = 1.0
u[172,0,1,18] = 1.0
u[172,1,0,29] = 1.0
u[173,0,1,13] = 1.0
u[173,1,0,16] = 1.0
u[174,0,1,25] = 1.0
u[174,1,0,14] = 1.0
u[175,0,1,12] = 1.0
u[175,1,0,20] = 1.0
u[176,0,1,10] = 1.0
u[176,1,0,21] = 1.0
u[177,0,1,16] = 1.0
u[177,1,0,8] = 1.0
u[178,0,1,17] = 1.0
u[178,1,0,18] = 1.0
u[179,0,1,4] = 1.0
u[179,1,0,10] = 1.0
u[180,0,1,14] = 1.0
u[180,1,0,15] = 1.0
u[181,0,1,6] = 1.0
u[181,1,0,16] = 1.0
u[182,0,1,11] = 1.0
u[183,0,1,12] = 1.0
u[183,1,0,13] = 1.0
u[185,0,1,9] = 1.0
u[185,1,0,11] = 1.0
u[186,1,0,20] = 1.0
u[187,0,1,7] = 1.0
u[187,1,0,16] = 1.0
u[188,0,1,16] = 1.0
u[188,1,0,10] = 1.0
u[189,0,1,12] = 1.0
u[189,1,0,20] = 1.0
u[190,0,1,6] = 1.0
u[190,1,0,12] = 1.0
u[191,0,1,16] = 1.0
u[191,1,0,12] = 1.0
u[192,0,1,8] = 1.0
u[192,1,0,12] = 1.0
u[193,0,1,8] = 1.0
u[193,1,0,6] = 1.0
u[193,1,0,12] = 1.0
u[194,0,1,8] = 1.0
u[195,0,1,8] = 1.0
u[195,1,0,4] = 1.0
u[195,1,0,9] = 1.0
u[196,0,1,7] = 1.0
u[196,1,0,4] = 1.0
u[197,0,1,5] = 1.0
u[197,1,0,4] = 1.0
u[199,0,1,8] = 1.0
u[199,1,0,4] = 1.0
u[201,0,1,10] = 1.0
u[201,1,0,8] = 1.0
u[202,0,1,12] = 1.0
u[202,1,0,8] = 1.0
u[203,0,1,4] = 1.0
u[204,0,1,4] = 1.0
u[204,1,0,8] = 1.0
u[205,0,1,12] = 1.0
u[207,0,1,5] = 1.0
u[207,1,0,8] = 2.0
u[209,0,1,4] = 1.0
u[209,1,0,11] = 1.0
u[211,0,1,12] = 1.0
u[211,1,0,25] = 1.0
u[212,1,0,5] = 1.0
u[212,1,0,10] = 1.0
u[213,0,1,21] = 1.0
u[214,0,1,6] = 1.0
u[214,1,0,12] = 1.0
u[215,1,0,17] = 1.0
u[216,0,1,23] = 1.0
u[217,0,1,14] = 1.0
u[217,1,0,7] = 1.0
u[218,1,0,19] = 1.0
u[220,0,1,15] = 1.0
u[220,1,0,10] = 1.0
u[221,0,1,22] = 1.0
u[222,0,1,13] = 1.0
u[223,0,1,21] = 1.0
u[223,1,0,18] = 1.0
u[224,0,1,11] = 1.0
u[226,0,1,17] = 1.0
u[226,1,0,17] = 1.0
u[227,1,0,19] = 1.0
u[228,0,1,13] = 1.0
u[228,1,0,13] = 1.0
u[229,1,0,23] = 1.0
u[230,0,1,16] = 1.0
u[231,0,1,19] = 1.0
u[232,1,0,22] = 1.0
u[233,0,1,18] = 1.0
u[233,1,0,15] = 1.0
u[234,0,1,18] = 1.0
u[234,1,0,18] = 1.0
u[235,0,1,11] = 1.0
u[235,1,0,14] = 1.0
u[236,0,1,14] = 1.0
u[236,1,0,14] = 1.0
u[239,0,1,10] = 1.0
u[239,0,1,17] = 1.0
u[239,1,0,12] = 1.0
u[239,1,0,13] = 1.0
u[241,1,0,13] = 1.0
u[242,0,1,12] = 1.0
u[243,1,0,30] = 1.0
u[245,0,1,14] = 1.0
u[245,1,0,11] = 1.0
u[246,0,1,27] = 1.0
u[247,0,1,7] = 1.0
u[247,1,0,24] = 1.0
u[248,0,1,26] = 1.0
u[248,1,0,23] = 1.0
u[250,0,1,19] = 1.0
u[250,1,0,22] = 1.0
u[251,0,1,23] = 1.0
u[252,1,0,15] = 1.0
u[253,0,1,20] = 1.0
u[253,1,0,19] = 2.0
u[254,0,1,11] = 1.0
u[255,1,0,27] = 1.0
u[256,0,1,16] = 2.0
u[256,1,0,7] = 1.0
u[257,0,1,23] = 1.0
u[257,1,0,21] = 1.0
u[258,1,0,12] = 1.0
u[259,0,1,17] = 1.0
u[259,1,0,14] = 1.0
u[260,0,1,8] = 1.0
u[260,0,1,9] = 1.0
u[261,1,0,13] = 1.0
u[262,0,1,14] = 1.0
u[262,1,0,25] = 1.0
u[263,0,1,9] = 1.0
u[263,1,0,8] = 1.0
u[263,1,0,10] = 1.0
u[264,0,1,21] = 1.0
u[264,1,0,10] = 1.0
u[265,0,1,6] = 1.0
u[266,1,0,10] = 1.0
u[267,0,1,12] = 1.0
u[269,0,1,17] = 1.0
u[269,1,0,8] = 1.0
u[269,1,0,12] = 1.0
u[270,0,1,12] = 1.0
u[271,0,1,4] = 1.0
u[271,0,1,8] = 1.0
u[272,1,0,8] = 1.0
u[275,0,1,7] = 1.0
u[276,1,0,11] = 1.0
u[276,1,0,24] = 1.0
u[277,1,0,15] = 1.0
u[278,0,1,20] = 1.0
u[279,0,1,8] = 1.0
u[280,1,0,13] = 1.0
u[280,1,0,16] = 1.0
u[281,0,1,12] = 1.0
u[282,1,0,4] = 1.0
u[283,0,1,12] = 1.0
u[284,1,0,9] = 1.0
u[286,0,1,10] = 1.0
u[287,0,1,8] = 1.0
u[287,1,0,13] = 1.0
u[288,0,1,24] = 1.0
u[288,1,0,6] = 1.0
c[1,0,2,4] = 1.0
c[1,0,9,10] = 1.0
c[2,1,4,7] = 1.0
c[3,0,10,11] = 1.0
c[4,1,0,7] = 1.0
c[5,0,3,8] = 1.0
c[5,1,12,15] = 1.0
c[8,0,11,12] = 1.0
c[8,1,4,14] = 1.0
c[9,0,3,9] = 2.0
c[11,0,9,12] = 1.0
c[13,1,5,6] = 1.0
c[14,1,8,9] = 2.0
c[16,1,6,7] = 1.0
c[17,0,2,7] = 1.0
c[17,1,7,16] = 1.0
c[19,0,5,6] = 2.0
c[20,1,3,5] = 1.0
c[20,1,16,17] = 1.0
c[21,0,6,12] = 1.0
c[21,1,5,6] = 1.0
c[21,1,17,18] = 1.0
c[22,1,6,13] = 1.0
c[22,1,18,19] = 1.0
c[23,1,2,9] = 1.0
c[24,1,13,25] = 1.0
c[24,1,19,27] = 1.0
c[25,1,8,9] = 1.0
c[25,1,9,11] = 1.0
c[26,1,9,18] = 1.0
c[26,1,11,16] = 1.0
c[28,1,16,18] = 1.0
c[29,1,25,30] = 1.0
c[29,1,27,29] = 1.0
c[30,1,18,28] = 1.0
c[31,1,18,20] = 1.0
c[32,1,20,26] = 1.0
c[32,1,29,31] = 1.0
c[36,1,26,30] = 1.0
c[37,0,26,31] = 1.0
c[37,1,28,31] = 1.0
c[40,0,27,29] = 1.0
c[42,1,30,31] = 1.0
c[45,1,25,27] = 1.0
c[46,0,27,31] = 1.0
c[47,1,27,29] = 1.0
c[48,1,27,31] = 1.0
c[50,1,23,26] = 1.0
c[54,0,31,32] = 1.0
c[58,0,27,28] = 1.0
c[60,0,9,27] = 1.0
c[62,0,12,22] = 1.0
c[64,1,10,12] = 1.0
c[68,1,18,29] = 1.0
c[68,1,28,30] = 1.0
c[69,0,12,13] = 1.0
c[69,1,4,9] = 1.0
c[70,0,13,19] = 1.0
c[70,1,9,19] = 1.0
c[73,1,19,24] = 1.0
c[74,0,26,27] = 1.0
c[78,1,7,14] = 1.0
c[79,1,7,13] = 1.0
c[80,0,19,21] = 1.0
c[80,1,14,20] = 1.0
c[85,1,5,22] = 1.0
c[88,0,8,15] = 1.0
c[88,1,0,4] = 1.0
c[89,0,5,18] = 1.0
c[89,1,5,18] = 1.0
c[91,0,0,1] = 1.0
c[92,0,1,6] = 1.0
c[95,1,2,5] = 1.0
c[96,0,10,11] = 1.0
c[96,1,3,16] = 1.0
c[98,0,1,18] = 1.0
c[100,1,7,11] = 1.0
c[101,0,12,17] = 1.0
c[101,1,2,14] = 1.0
c[101,1,6,10] = 1.0
c[102,0,18,25] = 1.0
c[103,0,17,21] = 1.0
c[104,1,14,16] = 1.0
c[105,1,3,19] = 1.0
c[106,1,2,11] = 1.0
c[107,0,12,13] = 1.0
c[109,0,13,16] = 1.0
c[112,0,5,14] = 1.0
c[113,1,3,8] = 1.0
c[114,0,8,16] = 1.0
c[114,0,14,20] = 1.0
c[115,0,7,12] = 1.0
c[116,0,4,9] = 1.0
c[116,0,16,21] = 1.0
c[117,0,9,19] = 1.0
c[118,0,1,18] = 1.0
c[119,1,8,15] = 1.0
c[120,0,19,21] = 1.0
c[124,1,9,13] = 1.0
c[126,0,10,14] = 1.0
c[126,1,0,8] = 1.0
c[127,0,3,8] = 1.0
c[129,0,5,12] = 1.0
c[129,1,10,17] = 1.0
c[130,0,4,12] = 1.0
c[131,0,1,7] = 1.0
c[132,0,0,4] = 1.0
c[133,0,7,14] = 1.0
c[135,1,0,17] = 1.0
c[137,1,0,14] = 1.0
c[138,1,0,6] = 1.0
c[140,1,1,24] = 1.0
c[140,1,14,16] = 1.0
c[141,1,2,7] = 1.0
c[142,0,2,10] = 1.0
c[142,1,7,14] = 1.0
c[143,0,12,22] = 1.0
c[145,0,5,7] = 1.0
c[146,0,10,18] = 1.0
c[148,0,2,11] = 1.0
c[148,1,3,10] = 1.0
c[149,0,18,22] = 1.0
c[152,1,7,9] = 1.0
c[153,0,12,21] = 1.0
c[154,1,2,9] = 1.0
c[155,0,14,18] = 1.0
c[157,0,18,22] = 1.0
c[157,1,1,10] = 1.0
c[157,1,2,13] = 1.0
c[160,1,1,12] = 1.0
c[162,0,9,11] = 1.0
c[162,1,9,29] = 1.0
c[163,1,2,21] = 1.0
c[163,1,12,15] = 1.0
c[165,1,7,22] = 1.0
c[167,0,6,14] = 1.0
c[168,1,7,10] = 1.0
c[169,1,10,17] = 1.0
c[171,1,10,16] = 1.0
c[172,1,13,20] = 1.0
c[175,1,9,18] = 1.0
c[178,1,6,10] = 1.0
c[179,1,12,15] = 1.0
c[180,1,13,16] = 1.0
c[181,1,0,10] = 1.0
c[182,1,10,13] = 1.0
c[183,1,2,16] = 1.0
c[183,1,10,20] = 1.0
c[184,1,7,11] = 1.0
c[185,1,8,20] = 1.0
c[187,1,5,10] = 1.0
c[189,1,3,12] = 1.0
c[191,1,8,12] = 1.0
c[192,1,2,6] = 1.0
c[194,1,4,9] = 1.0
c[195,0,2,7] = 1.0
c[197,0,0,8] = 1.0
c[198,0,0,3] = 1.0
c[198,1,3,4] = 1.0
c[199,0,0,12] = 1.0
c[199,0,3,10] = 1.0
c[199,1,1,6] = 1.0
c[200,1,6,8] = 1.0
c[201,0,0,1] = 1.0
c[201,1,4,8] = 1.0
c[202,0,1,12] = 1.0
c[203,1,6,7] = 1.0
c[204,1,7,25] = 1.0
c[205,1,0,8] = 1.0
c[206,0,4,5] = 1.0
c[206,1,0,11] = 1.0
c[209,0,4,12] = 1.0
c[209,1,1,2] = 1.0
c[210,1,2,10] = 1.0
c[211,0,7,23] = 1.0
c[211,1,0,5] = 1.0
c[213,1,8,12] = 1.0
c[214,0,1,14] = 1.0
c[216,0,8,22] = 1.0
c[216,1,2,7] = 1.0
c[219,0,3,13] = 1.0
c[219,0,13,17] = 1.0
c[221,0,17,21] = 1.0
c[222,0,6,10] = 1.0
c[223,0,10,11] = 1.0
c[223,1,11,19] = 1.0
c[224,1,9,23] = 1.0
c[225,0,14,17] = 1.0
c[226,1,7,19] = 1.0
c[229,0,15,16] = 1.0
c[230,0,9,18] = 1.0
c[230,1,9,26] = 1.0
c[230,1,19,22] = 1.0
c[232,1,12,18] = 1.0
c[237,0,10,17] = 1.0
c[237,1,7,12] = 1.0
c[237,1,26,30] = 1.0
c[238,1,10,13] = 1.0
c[241,0,8,12] = 1.0
c[241,0,9,26] = 1.0
c[241,1,6,24] = 1.0
c[243,0,9,14] = 1.0
c[244,1,8,11] = 1.0
c[245,0,26,27] = 1.0
c[247,1,10,27] = 1.0
c[249,0,20,23] = 1.0
c[249,1,3,19] = 1.0
c[252,0,18,20] = 1.0
c[255,0,15,16] = 2.0
c[255,1,16,21] = 1.0
c[258,0,3,7] = 1.0
c[258,1,12,14] = 1.0
c[259,0,7,9] = 1.0
c[259,1,19,25] = 1.0
c[261,0,10,14] = 1.0
c[262,1,4,8] = 1.0
c[262,1,5,10] = 1.0
c[265,0,4,12] = 1.0
c[265,1,5,10] = 1.0
c[266,0,6,17] = 1.0
c[266,1,17,32] = 1.0
c[267,1,2,12] = 1.0
c[268,0,6,8] = 1.0
c[269,0,8,12] = 1.0
c[271,1,13,24] = 1.0
c[273,1,0,8] = 1.0
c[273,1,4,15] = 1.0
c[274,0,4,7] = 1.0
c[275,1,8,11] = 1.0
c[277,1,3,13] = 1.0
c[278,0,7,8] = 1.0
c[279,0,11,12] = 1.0
c[282,0,9,18] = 1.0
c[283,1,8,9] = 1.0
c[284,0,0,10] = 1.0
c[285,0,18,24] = 1.0
c[285,1,8,13] = 1.0
c[286,0,5,8] = 1.0
s[123,0,1] = 4.0
s[134,0,1] = 4.0
