results
n[0,0,0] = 1.0
n[0,0,2] = 1.0
n[0,1,3] = 1.0
n[1,0,0] = 1.0
n[1,1,3] = 1.0
n[2,1,3] = 1.0
n[3,0,2] = 1.0
n[3,0,4] = 2.0
n[3,1,3] = 1.0
n[4,0,4] = 1.0
n[5,0,4] = 1.0
n[5,1,3] = 1.0
n[6,0,4] = 1.0
n[7,0,4] = 1.0
n[9,1,9] = 2.0
n[11,1,1] = 1.0
n[11,1,9] = 1.0
n[12,0,5] = 2.0
n[12,1,1] = 1.0
n[12,1,9] = 1.0
n[13,1,1] = 1.0
n[14,0,6] = 1.0
n[14,1,8] = 1.0
n[14,1,10] = 1.0
n[15,0,6] = 1.0
n[15,1,2] = 1.0
n[15,1,8] = 1.0
n[16,1,2] = 1.0
n[17,1,12] = 1.0
n[18,1,2] = 1.0
n[18,1,6] = 1.0
n[19,1,4] = 1.0
n[20,0,6] = 1.0
n[20,1,7] = 1.0
n[21,1,20] = 1.0
n[24,1,6] = 1.0
n[25,1,6] = 1.0
n[26,1,6] = 1.0
n[28,1,14] = 1.0
n[28,1,20] = 3.0
n[30,1,10] = 1.0
n[30,1,21] = 3.0
n[32,1,22] = 3.0
n[39,1,27] = 1.0
n[40,1,28] = 1.0
n[41,1,28] = 1.0
n[42,1,28] = 1.0
n[50,0,27] = 1.0
n[51,0,27] = 1.0
n[58,1,32] = 2.0
n[59,1,32] = 1.0
n[65,0,26] = 1.0
n[70,0,31] = 1.0
n[75,0,23] = 1.0
n[80,0,15] = 1.0
n[81,1,24] = 1.0
n[82,0,28] = 1.0
n[84,0,17] = 1.0
n[91,1,24] = 1.0
n[94,1,11] = 1.0
n[96,0,20] = 1.0
n[100,1,4] = 1.0
n[102,0,27] = 1.0
n[103,0,27] = 1.0
n[108,0,19] = 1.0
n[111,1,15] = 1.0
n[113,1,25] = 1.0
n[114,1,25] = 1.0
n[115,1,25] = 1.0
n[139,0,6] = 1.0
n[159,1,2] = 1.0
n[164,1,8] = 1.0
n[170,0,10] = 1.0
n[174,1,10] = 1.0
n[179,0,18] = 1.0
n[182,1,13] = 1.0
n[187,0,9] = 1.0
n[188,1,9] = 1.0
n[191,1,1] = 1.0
n[192,1,1] = 1.0
n[193,1,1] = 1.0
n[199,1,18] = 1.0
n[214,1,5] = 1.0
n[221,1,0] = 1.0
n[221,1,30] = 1.0
n[233,1,18] = 1.0
n[251,1,23] = 1.0
n[253,0,8] = 1.0
n[286,1,4] = 1.0
n[287,0,7] = 1.0
n[287,1,6] = 1.0
n[289,0,0] = 1.0
n[289,1,7] = 1.0
n[290,0,0] = 1.0
n[290,0,2] = 1.0
n[290,1,3] = 1.0
u[1,1,0,8] = 2.0
u[2,0,1,4] = 1.0
u[4,0,1,4] = 1.0
u[7,0,1,13] = 1.0
u[9,0,1,5] = 1.0
u[9,1,0,15] = 1.0
u[10,1,0,9] = 2.0
u[11,0,1,11] = 1.0
u[15,0,1,9] = 1.0
u[16,0,1,6] = 1.0
u[18,1,0,10] = 1.0
u[21,0,1,6] = 1.0
u[23,1,0,21] = 1.0
u[25,0,1,17] = 1.0
u[46,1,0,31] = 1.0
u[48,1,0,31] = 1.0
u[51,1,0,31] = 1.0
u[52,0,1,27] = 1.0
u[56,0,1,29] = 1.0
u[56,0,1,31] = 1.0
u[59,1,0,32] = 1.0
u[60,1,0,32] = 1.0
u[63,1,0,30] = 1.0
u[66,0,1,26] = 1.0
u[68,0,1,31] = 1.0
u[68,1,0,22] = 1.0
u[70,0,1,18] = 1.0
u[70,1,0,27] = 1.0
u[71,0,1,31] = 1.0
u[73,1,0,27] = 1.0
u[74,0,1,26] = 1.0
u[75,1,0,22] = 1.0
u[76,0,1,23] = 1.0
u[77,1,0,32] = 1.0
u[78,0,1,20] = 1.0
u[78,1,0,19] = 1.0
u[79,0,1,28] = 1.0
u[80,1,0,32] = 1.0
u[81,0,1,15] = 1.0
u[82,1,0,21] = 1.0
u[83,0,1,28] = 1.0
u[84,1,0,29] = 1.0
u[85,0,1,17] = 1.0
u[85,1,0,24] = 1.0
u[86,1,0,28] = 1.0
u[87,0,1,20] = 1.0
u[87,1,0,13] = 1.0
u[89,0,1,28] = 1.0
u[89,1,0,16] = 1.0
u[90,0,1,11] = 1.0
u[90,1,0,26] = 1.0
u[92,0,1,15] = 1.0
u[92,0,1,28] = 1.0
u[92,1,0,24] = 1.0
u[94,0,1,25] = 1.0
u[94,1,0,24] = 1.0
u[95,1,0,11] = 1.0
u[96,0,1,23] = 1.0
u[96,1,0,17] = 1.0
u[96,1,0,21] = 1.0
u[97,0,1,7] = 1.0
u[98,0,1,13] = 1.0
u[98,1,0,19] = 1.0
u[99,0,1,19] = 1.0
u[100,1,0,9] = 1.0
u[101,0,1,16] = 1.0
u[101,1,0,4] = 1.0
u[102,1,0,17] = 1.0
u[104,0,1,13] = 1.0
u[104,0,1,27] = 1.0
u[105,1,0,16] = 1.0
u[106,0,1,19] = 1.0
u[106,1,0,23] = 1.0
u[107,0,1,14] = 1.0
u[107,1,0,11] = 1.0
u[109,0,1,19] = 1.0
u[109,1,0,10] = 1.0
u[110,0,1,19] = 1.0
u[111,0,1,6] = 1.0
u[112,0,1,18] = 1.0
u[112,1,0,15] = 2.0
u[114,0,1,11] = 1.0
u[114,1,0,14] = 1.0
u[116,0,1,18] = 1.0
u[116,1,0,7] = 1.0
u[116,1,0,25] = 1.0
u[117,0,1,14] = 1.0
u[117,1,0,16] = 1.0
u[118,0,1,21] = 1.0
u[118,1,0,14] = 1.0
u[119,0,1,12] = 1.0
u[119,1,0,10] = 1.0
u[120,0,1,10] = 1.0
u[120,1,0,17] = 1.0
u[121,0,1,6] = 1.0
u[121,1,0,8] = 1.0
u[122,0,1,13] = 1.0
u[122,1,0,6] = 1.0
u[124,0,1,22] = 1.0
u[124,1,0,9] = 1.0
u[125,0,1,7] = 1.0
u[126,0,1,15] = 1.0
u[126,1,0,15] = 1.0
u[126,1,0,18] = 1.0
u[127,0,1,8] = 1.0
u[128,0,1,11] = 1.0
u[128,1,0,11] = 1.0
u[129,1,0,4] = 1.0
u[130,0,1,19] = 1.0
u[130,1,0,16] = 1.0
u[132,0,1,12] = 1.0
u[132,1,0,15] = 1.0
u[133,0,1,18] = 1.0
u[134,1,0,8] = 1.0
u[135,0,1,14] = 1.0
u[135,1,0,14] = 1.0
u[136,0,1,4] = 1.0
u[136,1,0,20] = 1.0
u[137,0,1,10] = 1.0
u[137,0,1,19] = 1.0
u[137,1,0,10] = 1.0
u[138,0,1,16] = 1.0
u[139,1,0,6] = 1.0
u[140,0,1,6] = 1.0
u[140,1,0,16] = 1.0
u[141,1,0,13] = 1.0
u[142,1,0,17] = 1.0
u[143,0,1,9] = 1.0
u[143,0,1,11] = 1.0
u[144,1,0,9] = 1.0
u[145,0,1,14] = 1.0
u[146,0,1,23] = 1.0
u[146,1,0,8] = 2.0
u[148,0,1,9] = 1.0
u[148,1,0,19] = 1.0
u[149,0,1,9] = 1.0
u[149,1,0,13] = 1.0
u[150,0,1,15] = 1.0
u[151,0,1,16] = 1.0
u[151,1,0,5] = 1.0
u[152,1,0,11] = 1.0
u[153,0,1,14] = 1.0
u[153,1,0,12] = 1.0
u[154,0,1,7] = 1.0
u[155,1,0,10] = 1.0
u[156,0,1,12] = 2.0
u[156,1,0,24] = 1.0
u[157,0,1,6] = 1.0
u[157,1,0,5] = 1.0
u[158,0,1,20] = 1.0
u[158,1,0,8] = 1.0
u[160,1,0,16] = 1.0
u[161,0,1,7] = 1.0
u[162,0,1,12] = 1.0
u[162,1,0,7] = 1.0
u[164,1,0,22] = 1.0
u[165,0,1,23] = 1.0
u[165,1,0,8] = 1.0
u[166,0,1,18] = 1.0
u[167,1,0,17] = 1.0
u[168,0,1,17] = 1.0
u[168,1,0,14] = 1.0
u[168,1,0,21] = 1.0
u[169,0,1,13] = 1.0
u[170,0,1,17] = 1.0
u[170,1,0,13] = 1.0
u[171,0,1,10] = 1.0
u[171,1,0,9] = 1.0
u[172,0,1,20] = 1.0
u[173,0,1,13] = 1.0
u[173,1,0,16] = 1.0
u[175,0,1,12] = 1.0
u[175,1,0,9] = 1.0
u[176,0,1,16] = 1.0
u[177,0,1,5] = 1.0
u[177,1,0,17] = 1.0
u[177,1,0,22] = 1.0
u[179,0,1,13] = 1.0
u[179,1,0,15] = 1.0
u[180,0,1,18] = 1.0
u[180,1,0,15] = 1.0
u[181,0,1,11] = 1.0
u[182,0,1,11] = 1.0
u[182,1,0,14] = 1.0
u[183,1,0,16] = 1.0
u[184,0,1,10] = 1.0
u[184,1,0,11] = 1.0
u[185,0,1,12] = 1.0
u[185,1,0,18] = 1.0
u[186,1,0,6] = 1.0
u[188,0,1,15] = 1.0
u[189,0,1,5] = 1.0
u[189,1,0,9] = 1.0
u[189,1,0,19] = 1.0
u[190,0,1,16] = 1.0
u[190,1,0,11] = 1.0
u[192,0,1,7] = 1.0
u[192,1,0,12] = 1.0
u[193,0,1,12] = 1.0
u[193,0,1,20] = 1.0
u[195,1,0,16] = 1.0
u[197,0,1,12] = 1.0
u[197,1,0,12] = 1.0
u[199,1,0,8] = 1.0
u[200,0,1,9] = 1.0
u[200,0,1,25] = 1.0
u[200,1,0,21] = 1.0
u[202,0,1,17] = 1.0
u[202,1,0,5] = 1.0
u[202,1,0,21] = 2.0
u[204,0,1,17] = 2.0
u[204,1,0,13] = 1.0
u[206,0,1,9] = 1.0
u[206,1,0,13] = 2.0
u[208,0,1,9] = 2.0
u[208,1,0,5] = 1.0
u[209,0,1,19] = 1.0
u[210,1,0,5] = 1.0
u[211,0,1,27] = 1.0
u[212,0,1,9] = 1.0
u[212,1,0,13] = 1.0
u[213,1,0,20] = 1.0
u[214,0,1,9] = 1.0
u[216,0,1,14] = 1.0
u[216,1,0,5] = 1.0
u[217,0,1,20] = 1.0
u[218,1,0,10] = 1.0
u[219,0,1,4] = 1.0
u[220,0,1,6] = 1.0
u[220,1,0,17] = 1.0
u[222,0,1,13] = 1.0
u[222,1,0,30] = 1.0
u[223,1,0,4] = 1.0
u[224,0,1,26] = 1.0
u[224,1,0,11] = 1.0
u[226,0,1,7] = 1.0
u[227,1,0,23] = 1.0
u[228,0,1,4] = 1.0
u[229,1,0,22] = 1.0
u[230,0,1,20] = 1.0
u[230,1,0,9] = 1.0
u[232,0,1,5] = 1.0
u[234,0,1,24] = 1.0
u[234,1,0,18] = 1.0
u[236,0,1,14] = 1.0
u[236,1,0,9] = 1.0
u[236,1,0,20] = 1.0
u[238,0,1,5] = 1.0
u[238,1,0,10] = 1.0
u[239,0,1,17] = 1.0
u[240,0,1,6] = 1.0
u[241,1,0,13] = 1.0
u[243,0,1,9] = 1.0
u[244,1,0,32] = 1.0
u[246,0,1,28] = 1.0
u[246,1,0,30] = 1.0
u[247,1,0,20] = 1.0
u[248,1,0,24] = 1.0
u[249,0,1,16] = 1.0
u[249,0,1,27] = 1.0
u[250,1,0,18] = 1.0
u[251,0,1,22] = 1.0
u[251,1,0,12] = 1.0
u[251,1,0,28] = 1.0
u[252,1,0,23] = 1.0
u[253,0,1,24] = 1.0
u[254,0,1,19] = 1.0
u[255,1,0,22] = 1.0
u[256,1,0,15] = 1.0
u[256,1,0,21] = 1.0
u[257,0,1,18] = 1.0
u[257,0,1,24] = 1.0
u[259,0,1,23] = 1.0
u[259,1,0,14] = 1.0
u[259,1,0,20] = 1.0
u[260,0,1,20] = 1.0
u[261,0,1,16] = 1.0
u[261,1,0,19] = 1.0
u[262,0,1,13] = 1.0
u[262,0,1,21] = 1.0
u[262,1,0,16] = 1.0
u[263,1,0,12] = 1.0
u[264,0,1,12] = 1.0
u[265,0,1,20] = 1.0
u[265,1,0,18] = 1.0
u[266,0,1,9] = 1.0
u[266,1,0,8] = 1.0
u[267,0,1,14] = 1.0
u[267,1,0,16] = 1.0
u[268,1,0,20] = 1.0
u[269,0,1,12] = 1.0
u[269,1,0,10] = 1.0
u[270,0,1,13] = 1.0
u[270,1,0,11] = 1.0
u[271,0,1,17] = 1.0
u[271,1,0,8] = 1.0
u[272,0,1,7] = 1.0
u[272,0,1,10] = 1.0
u[272,1,0,9] = 1.0
u[273,0,1,4] = 1.0
u[273,1,0,13] = 1.0
u[274,0,1,5] = 1.0
u[275,0,1,9] = 1.0
u[275,1,0,8] = 1.0
u[275,1,0,10] = 1.0
u[277,0,1,6] = 1.0
u[277,1,0,7] = 1.0
u[278,0,1,8] = 1.0
u[278,1,0,8] = 1.0
u[280,0,1,4] = 1.0
u[280,1,0,16] = 1.0
u[281,1,0,8] = 1.0
u[282,0,1,15] = 1.0
u[283,0,1,15] = 1.0
u[283,1,0,14] = 1.0
u[284,0,1,8] = 1.0
u[284,1,0,11] = 1.0
u[285,0,1,10] = 1.0
u[285,1,0,11] = 1.0
u[285,1,0,12] = 1.0
u[287,0,1,11] = 1.0
u[287,1,0,4] = 1.0
u[288,0,1,7] = 1.0
u[288,0,1,11] = 1.0
u[288,1,0,6] = 1.0
c[0,1,7,8] = 2.0
c[1,0,2,4] = 1.0
c[2,0,0,2] = 1.0
c[4,0,2,7] = 1.0
c[4,1,0,3] = 1.0
c[4,1,3,9] = 1.0
c[5,0,7,13] = 1.0
c[6,1,0,1] = 1.0
c[6,1,3,4] = 1.0
c[6,1,9,11] = 1.0
c[7,1,1,2] = 1.0
c[7,1,4,5] = 1.0
c[7,1,11,15] = 1.0
c[8,0,4,5] = 1.0
c[8,1,2,3] = 1.0
c[8,1,5,9] = 1.0
c[9,1,3,9] = 1.0
c[13,0,5,6] = 2.0
c[13,1,7,8] = 1.0
c[13,1,9,10] = 1.0
c[14,0,6,9] = 1.0
c[14,1,1,2] = 1.0
c[15,1,10,11] = 1.0
c[16,1,8,9] = 1.0
c[16,1,11,12] = 1.0
c[17,1,2,3] = 1.0
c[17,1,5,6] = 1.0
c[17,1,9,10] = 1.0
c[18,1,3,4] = 1.0
c[18,1,12,20] = 1.0
c[19,1,2,4] = 1.0
c[19,1,6,7] = 1.0
c[20,1,4,7] = 2.0
c[21,1,7,9] = 3.0
c[22,1,9,11] = 3.0
c[22,1,20,21] = 1.0
c[23,1,2,6] = 1.0
c[23,1,11,15] = 3.0
c[25,1,15,19] = 3.0
c[27,1,6,7] = 1.0
c[27,1,13,14] = 1.0
c[27,1,19,20] = 3.0
c[28,1,7,9] = 1.0
c[29,1,9,10] = 1.0
c[29,1,14,15] = 1.0
c[29,1,20,21] = 3.0
c[30,1,15,19] = 1.0
c[31,1,10,27] = 1.0
c[31,1,21,22] = 3.0
c[32,1,19,22] = 1.0
c[33,1,22,23] = 3.0
c[34,1,22,27] = 1.0
c[34,1,23,29] = 3.0
c[38,1,27,28] = 1.0
c[40,1,27,31] = 1.0
c[40,1,29,31] = 3.0
c[43,1,28,30] = 1.0
c[46,1,31,32] = 2.0
c[47,1,30,31] = 1.0
c[48,0,27,31] = 1.0
c[53,0,27,29] = 1.0
c[54,1,23,31] = 1.0
c[58,1,25,31] = 1.0
c[58,1,27,30] = 1.0
c[61,0,28,31] = 1.0
c[62,0,28,29] = 1.0
c[64,0,29,30] = 1.0
c[65,1,31,32] = 1.0
c[66,0,30,31] = 1.0
c[68,1,31,32] = 1.0
c[72,0,23,26] = 1.0
c[72,1,14,22] = 1.0
c[76,1,22,24] = 1.0
c[77,0,18,20] = 1.0
c[78,1,24,25] = 1.0
c[79,1,25,29] = 1.0
c[80,1,16,21] = 1.0
c[82,1,24,28] = 1.0
c[83,1,11,21] = 1.0
c[86,0,25,28] = 1.0
c[87,1,21,26] = 1.0
c[88,0,24,28] = 1.0
c[89,0,9,11] = 1.0
c[91,0,12,15] = 1.0
c[92,0,22,25] = 1.0
c[92,1,7,16] = 1.0
c[94,0,20,23] = 1.0
c[95,1,16,17] = 1.0
c[97,0,20,27] = 1.0
c[98,0,17,19] = 1.0
c[99,1,3,4] = 1.0
c[100,0,15,16] = 1.0
c[101,1,15,17] = 1.0
c[102,0,5,10] = 1.0
c[103,0,0,3] = 1.0
c[103,0,10,19] = 1.0
c[103,1,12,15] = 1.0
c[104,0,3,14] = 1.0
c[104,1,15,16] = 1.0
c[106,1,9,11] = 1.0
c[107,0,12,19] = 1.0
c[108,1,15,24] = 1.0
c[109,0,7,18] = 1.0
c[112,1,24,25] = 1.0
c[113,1,2,10] = 1.0
c[114,0,11,18] = 1.0
c[115,1,10,16] = 1.0
c[116,0,10,14] = 1.0
c[118,0,3,22] = 1.0
c[123,0,4,15] = 1.0
c[123,1,2,15] = 1.0
c[124,0,2,7] = 1.0
c[126,0,5,8] = 1.0
c[127,1,3,16] = 1.0
c[128,0,14,19] = 1.0
c[130,0,7,18] = 1.0
c[130,1,7,15] = 1.0
c[131,0,0,12] = 1.0
c[132,1,15,16] = 1.0
c[133,1,16,19] = 1.0
c[134,0,11,14] = 1.0
c[134,0,12,17] = 1.0
c[135,1,19,20] = 1.0
c[136,0,17,19] = 1.0
c[138,1,0,17] = 1.0
c[139,1,15,16] = 1.0
c[140,1,12,13] = 1.0
c[141,0,2,11] = 1.0
c[142,0,12,23] = 1.0
c[142,1,2,4] = 1.0
c[143,1,4,9] = 1.0
c[144,0,13,14] = 1.0
c[145,1,5,8] = 1.0
c[145,1,7,8] = 1.0
c[146,0,5,6] = 1.0
c[147,0,6,9] = 1.0
c[147,1,10,12] = 1.0
c[148,0,4,9] = 2.0
c[148,1,12,13] = 1.0
c[149,0,9,16] = 1.0
c[150,1,5,24] = 1.0
c[151,0,9,14] = 1.0
c[153,0,1,12] = 1.0
c[155,0,8,12] = 1.0
c[156,1,3,5] = 1.0
c[158,1,8,13] = 1.0
c[159,0,1,23] = 1.0
c[160,0,4,7] = 1.0
c[160,1,2,6] = 1.0
c[160,1,13,22] = 1.0
c[161,1,6,7] = 1.0
c[163,1,3,10] = 1.0
c[164,0,3,17] = 1.0
c[165,1,10,17] = 1.0
c[167,0,4,20] = 1.0
c[167,1,19,21] = 1.0
c[172,0,9,13] = 1.0
c[172,1,13,16] = 1.0
c[173,0,5,16] = 1.0
c[173,1,6,10] = 1.0
c[174,1,16,22] = 1.0
c[175,1,10,17] = 1.0
c[177,1,8,11] = 1.0
c[178,1,11,15] = 1.0
c[178,1,12,15] = 1.0
c[179,1,1,13] = 1.0
c[181,1,9,16] = 1.0
c[183,1,7,11] = 1.0
c[183,1,13,18] = 1.0
c[184,1,7,8] = 1.0
c[185,1,8,18] = 1.0
c[186,0,7,9] = 1.0
c[187,0,14,15] = 1.0
c[187,1,8,9] = 1.0
c[188,0,2,5] = 1.0
c[188,0,9,16] = 1.0
c[188,1,18,19] = 1.0
c[191,0,5,12] = 1.0
c[191,0,15,20] = 1.0
c[194,0,8,25] = 1.0
c[194,1,1,2] = 1.0
c[194,1,3,5] = 1.0
c[195,1,2,21] = 1.0
c[195,1,5,18] = 1.0
c[195,1,8,9] = 1.0
c[196,1,9,12] = 1.0
c[199,0,8,9] = 1.0
c[200,1,18,21] = 1.0
c[201,0,4,11] = 1.0
c[203,0,11,14] = 1.0
c[204,0,1,15] = 1.0
c[204,0,14,27] = 1.0
c[207,0,15,19] = 1.0
c[210,0,1,6] = 1.0
c[210,1,5,13] = 1.0
c[211,0,6,9] = 1.0
c[211,1,15,20] = 1.0
c[212,0,1,12] = 1.0
c[213,1,23,30] = 1.0
c[215,0,12,14] = 1.0
c[215,0,16,20] = 1.0
c[215,1,5,11] = 1.0
c[217,1,11,15] = 1.0
c[218,0,1,4] = 1.0
c[219,1,15,17] = 1.0
c[219,1,16,32] = 1.0
c[222,1,0,4] = 1.0
c[222,1,2,11] = 1.0
c[224,1,9,10] = 1.0
c[225,0,0,1] = 1.0
c[225,1,10,22] = 1.0
c[226,0,1,3] = 1.0
c[226,1,22,23] = 1.0
c[227,0,3,4] = 1.0
c[228,1,3,9] = 1.0
c[229,0,19,20] = 1.0
c[230,1,0,2] = 1.0
c[231,0,18,24] = 1.0
c[231,1,2,18] = 1.0
c[232,1,16,18] = 1.0
c[234,1,1,9] = 1.0
c[235,1,18,20] = 1.0
c[236,1,20,23] = 1.0
c[238,0,16,17] = 1.0
c[238,1,23,30] = 1.0
c[240,1,1,2] = 1.0
c[241,1,2,28] = 1.0
c[242,1,2,20] = 1.0
c[245,1,5,6] = 1.0
c[246,1,6,17] = 1.0
c[248,0,26,27] = 1.0
c[249,1,17,18] = 1.0
c[250,0,20,22] = 1.0
c[252,0,14,15] = 1.0
c[253,0,15,20] = 1.0
c[253,1,18,22] = 1.0
c[254,0,8,23] = 1.0
c[255,0,20,24] = 1.0
c[255,1,20,21] = 1.0
c[258,0,11,21] = 1.0
c[258,0,17,20] = 1.0
c[261,0,10,13] = 1.0
c[263,0,15,20] = 1.0
c[264,1,9,20] = 1.0
c[264,1,17,18] = 1.0
c[265,0,8,9] = 1.0
c[268,0,4,13] = 1.0
c[268,1,5,11] = 1.0
c[270,0,16,17] = 1.0
c[271,0,6,10] = 1.0
c[274,1,3,8] = 1.0
c[274,1,6,10] = 1.0
c[275,1,0,7] = 1.0
c[276,1,1,8] = 1.0
c[277,0,4,8] = 1.0
c[277,1,5,16] = 1.0
c[279,0,3,15] = 1.0
c[279,1,2,9] = 1.0
c[280,1,4,8] = 1.0
c[281,1,9,14] = 1.0
c[282,0,12,15] = 1.0
c[282,1,0,5] = 1.0
c[283,0,4,8] = 1.0
c[283,1,5,12] = 1.0
c[286,0,7,11] = 1.0
c[287,0,8,11] = 1.0
c[290,1,7,8] = 2.0
s[137,1,0] = 4.0
s[138,0,1] = 4.0
s[272,0,1] = 8.0
