results
n[0,0,10] = 1.0
n[0,1,5] = 1.0
n[0,1,10] = 2.0
n[1,1,10] = 2.0
n[2,1,10] = 1.0
n[3,1,10] = 1.0
n[3,1,12] = 1.0
n[6,1,0] = 1.0
n[7,1,0] = 1.0
n[8,1,0] = 1.0
n[9,1,0] = 1.0
n[10,1,0] = 1.0
n[13,1,4] = 1.0
n[13,1,17] = 1.0
n[14,1,4] = 1.0
n[15,1,0] = 1.0
n[15,1,4] = 1.0
n[16,0,8] = 1.0
n[16,1,0] = 1.0
n[16,1,4] = 1.0
n[17,1,0] = 1.0
n[17,1,4] = 1.0
n[18,0,16] = 1.0
n[18,1,4] = 1.0
n[19,1,4] = 1.0
n[20,1,2] = 1.0
n[20,1,4] = 1.0
n[21,1,4] = 1.0
n[22,1,4] = 1.0
n[23,0,6] = 1.0
n[24,1,6] = 1.0
n[26,1,2] = 1.0
n[26,1,7] = 1.0
n[27,1,7] = 1.0
n[28,1,7] = 1.0
n[29,1,7] = 1.0
n[30,0,1] = 1.0
n[30,1,7] = 1.0
n[31,1,7] = 1.0
n[32,1,7] = 1.0
n[33,1,7] = 1.0
n[34,1,7] = 1.0
n[37,1,31] = 1.0
n[38,1,31] = 1.0
n[39,1,31] = 1.0
n[40,1,31] = 1.0
n[41,1,31] = 1.0
n[42,1,31] = 1.0
n[58,0,25] = 1.0
n[65,1,13] = 1.0
n[143,0,1] = 1.0
n[144,0,1] = 1.0
n[149,1,2] = 1.0
n[155,0,0] = 1.0
n[156,1,0] = 1.0
n[176,0,2] = 1.0
n[186,0,0] = 1.0
n[187,0,0] = 1.0
n[200,1,1] = 1.0
n[201,1,1] = 1.0
n[207,0,7] = 1.0
n[210,1,2] = 1.0
n[214,0,0] = 1.0
n[217,0,2] = 1.0
n[225,1,7] = 1.0
n[234,1,1] = 1.0
n[272,0,17] = 1.0
n[281,1,10] = 1.0
n[287,0,9] = 1.0
n[288,1,9] = 1.0
n[290,0,10] = 1.0
n[290,1,5] = 1.0
n[290,1,10] = 2.0
u[1,1,0,5] = 1.0
u[2,0,1,11] = 1.0
u[4,0,1,4] = 1.0
u[4,1,0,10] = 1.0
u[5,1,0,14] = 1.0
u[7,0,1,10] = 1.0
u[9,0,1,14] = 1.0
u[9,1,0,6] = 1.0
u[9,1,0,19] = 1.0
u[11,0,1,15] = 1.0
u[13,0,1,4] = 1.0
u[14,1,0,12] = 1.0
u[14,1,0,17] = 1.0
u[17,0,1,8] = 1.0
u[19,0,1,16] = 1.0
u[19,1,0,4] = 1.0
u[24,0,1,6] = 1.0
u[24,1,0,15] = 1.0
u[28,1,0,5] = 1.0
u[29,0,1,16] = 1.0
u[37,0,1,20] = 1.0
u[37,1,0,25] = 1.0
u[39,1,0,20] = 1.0
u[40,0,1,23] = 1.0
u[43,1,0,31] = 1.0
u[44,0,1,22] = 1.0
u[45,1,0,27] = 1.0
u[47,0,1,28] = 1.0
u[49,1,0,24] = 1.0
u[51,0,1,28] = 1.0
u[51,1,0,30] = 1.0
u[53,1,0,24] = 1.0
u[56,0,1,27] = 1.0
u[56,1,0,30] = 1.0
u[57,0,1,29] = 1.0
u[58,1,0,23] = 1.0
u[59,0,1,25] = 1.0
u[59,1,0,25] = 1.0
u[60,0,1,28] = 1.0
u[61,1,0,21] = 1.0
u[62,0,1,22] = 2.0
u[62,1,0,24] = 1.0
u[63,0,1,17] = 1.0
u[64,1,0,18] = 1.0
u[65,0,1,22] = 1.0
u[66,0,1,14] = 1.0
u[66,1,0,13] = 1.0
u[68,0,1,9] = 1.0
u[69,1,0,27] = 1.0
u[70,1,0,24] = 1.0
u[71,0,1,23] = 1.0
u[71,1,0,6] = 1.0
u[72,0,1,20] = 1.0
u[72,1,0,21] = 1.0
u[73,1,0,19] = 1.0
u[74,0,1,7] = 1.0
u[74,0,1,17] = 1.0
u[74,1,0,16] = 1.0
u[75,0,1,15] = 1.0
u[76,0,1,12] = 1.0
u[76,1,0,13] = 1.0
u[77,1,0,11] = 1.0
u[78,0,1,9] = 1.0
u[78,1,0,12] = 1.0
u[79,0,1,7] = 1.0
u[80,0,1,8] = 1.0
u[80,1,0,16] = 1.0
u[81,1,0,10] = 1.0
u[82,0,1,12] = 1.0
u[83,0,1,6] = 1.0
u[83,1,0,9] = 1.0
u[84,1,0,16] = 1.0
u[85,0,1,5] = 1.0
u[85,1,0,12] = 1.0
u[86,0,1,12] = 1.0
u[86,1,0,7] = 1.0
u[87,0,1,8] = 1.0
u[88,1,0,8] = 1.0
u[89,0,1,8] = 1.0
u[90,0,1,4] = 1.0
u[90,1,0,15] = 1.0
u[91,1,0,4] = 1.0
u[91,1,0,13] = 1.0
u[92,0,1,11] = 1.0
u[93,0,1,9] = 1.0
u[93,1,0,5] = 1.0
u[95,0,1,10] = 1.0
u[95,1,0,5] = 1.0
u[96,0,1,6] = 1.0
u[96,1,0,15] = 1.0
u[98,0,1,11] = 1.0
u[99,1,0,14] = 1.0
u[100,0,1,15] = 1.0
u[100,1,0,12] = 1.0
u[101,1,0,11] = 1.0
u[102,0,1,8] = 1.0
u[102,0,1,14] = 1.0
u[103,0,1,7] = 1.0
u[104,1,0,10] = 1.0
u[104,1,0,18] = 1.0
u[105,1,0,9] = 1.0
u[106,0,1,6] = 1.0
u[106,0,1,14] = 1.0
u[106,1,0,8] = 1.0
u[108,0,1,4] = 1.0
u[108,0,1,10] = 1.0
u[108,1,0,10] = 1.0
u[109,1,0,7] = 1.0
u[110,0,1,6] = 1.0
u[110,1,0,6] = 1.0
u[112,0,1,8] = 1.0
u[112,1,0,10] = 1.0
u[113,1,0,7] = 1.0
u[114,0,1,6] = 1.0
u[114,0,1,12] = 1.0
u[114,1,0,4] = 1.0
u[116,0,1,8] = 1.0
u[116,1,0,8] = 1.0
u[118,0,1,4] = 1.0
u[118,0,1,10] = 1.0
u[118,1,0,4] = 1.0
u[119,1,0,15] = 1.0
u[120,1,0,6] = 1.0
u[121,0,1,11] = 1.0
u[121,1,0,5] = 1.0
u[122,0,1,10] = 1.0
u[123,1,0,7] = 1.0
u[124,0,1,12] = 1.0
u[124,1,0,6] = 1.0
u[125,0,1,11] = 1.0
u[126,1,0,8] = 1.0
u[127,0,1,12] = 1.0
u[127,1,0,7] = 1.0
u[128,0,1,12] = 1.0
u[129,0,1,9] = 1.0
u[129,1,0,8] = 1.0
u[131,0,1,4] = 1.0
u[131,0,1,12] = 1.0
u[131,1,0,12] = 1.0
u[132,1,0,10] = 1.0
u[133,0,1,8] = 1.0
u[133,1,0,8] = 1.0
u[134,0,1,6] = 1.0
u[134,1,0,4] = 1.0
u[135,0,1,4] = 1.0
u[135,1,0,4] = 1.0
u[137,1,0,7] = 1.0
u[138,0,1,4] = 1.0
u[139,1,0,10] = 1.0
u[140,0,1,11] = 1.0
u[141,1,0,5] = 1.0
u[142,0,1,10] = 1.0
u[142,1,0,7] = 1.0
u[144,0,1,17] = 1.0
u[144,1,0,6] = 1.0
u[146,0,1,6] = 1.0
u[146,1,0,13] = 1.0
u[147,0,1,6] = 1.0
u[147,0,1,16] = 1.0
u[149,1,0,12] = 1.0
u[150,0,1,16] = 1.0
u[150,1,0,9] = 1.0
u[151,0,1,8] = 1.0
u[152,0,1,5] = 1.0
u[152,1,0,8] = 1.0
u[153,1,0,4] = 1.0
u[154,0,1,4] = 1.0
u[156,1,0,7] = 1.0
u[157,0,1,5] = 1.0
u[158,1,0,25] = 1.0
u[159,0,1,4] = 1.0
u[160,0,1,21] = 1.0
u[160,1,0,10] = 1.0
u[161,1,0,11] = 1.0
u[162,0,1,6] = 1.0
u[162,1,0,17] = 1.0
u[163,0,1,7] = 1.0
u[163,1,0,10] = 1.0
u[165,0,1,6] = 1.0
u[165,1,0,5] = 1.0
u[166,0,1,17] = 1.0
u[166,1,0,8] = 1.0
u[169,0,1,9] = 1.0
u[169,1,0,16] = 1.0
u[170,0,1,14] = 1.0
u[170,1,0,14] = 1.0
u[171,0,1,12] = 1.0
u[172,0,1,10] = 1.0
u[172,1,0,10] = 1.0
u[173,1,0,8] = 1.0
u[174,0,1,6] = 1.0
u[174,1,0,6] = 1.0
u[176,0,1,6] = 1.0
u[176,1,0,20] = 1.0
u[177,1,0,7] = 1.0
u[178,0,1,5] = 1.0
u[178,0,1,16] = 1.0
u[179,1,0,5] = 1.0
u[180,0,1,8] = 1.0
u[180,1,0,12] = 1.0
u[181,1,0,4] = 1.0
u[182,0,1,8] = 1.0
u[182,1,0,4] = 1.0
u[184,0,1,12] = 1.0
u[184,1,0,4] = 1.0
u[186,0,1,7] = 1.0
u[187,1,0,10] = 1.0
u[188,0,1,17] = 1.0
u[190,0,1,4] = 1.0
u[190,1,0,12] = 1.0
u[191,0,1,13] = 1.0
u[191,1,0,16] = 1.0
u[192,0,1,8] = 1.0
u[193,0,1,12] = 1.0
u[193,1,0,9] = 1.0
u[195,0,1,5] = 1.0
u[195,1,0,8] = 2.0
u[197,0,1,4] = 2.0
u[198,1,0,22] = 1.0
u[199,1,0,6] = 1.0
u[200,0,1,18] = 1.0
u[202,0,1,7] = 1.0
u[202,1,0,14] = 1.0
u[203,1,0,16] = 1.0
u[205,0,1,13] = 1.0
u[205,1,0,11] = 1.0
u[206,0,1,15] = 1.0
u[206,1,0,10] = 1.0
u[207,1,0,9] = 1.0
u[208,0,1,6] = 1.0
u[208,0,1,7] = 1.0
u[209,1,0,13] = 1.0
u[211,0,1,9] = 1.0
u[212,1,0,4] = 1.0
u[213,0,1,19] = 1.0
u[215,1,0,15] = 1.0
u[217,0,1,11] = 1.0
u[217,1,0,18] = 1.0
u[218,1,0,25] = 1.0
u[220,0,1,9] = 1.0
u[220,1,0,11] = 1.0
u[221,0,1,18] = 1.0
u[221,0,1,22] = 1.0
u[222,1,0,5] = 1.0
u[223,0,1,11] = 1.0
u[223,1,0,14] = 1.0
u[225,1,0,21] = 1.0
u[226,0,1,11] = 1.0
u[226,1,0,7] = 1.0
u[227,0,1,11] = 1.0
u[227,0,1,17] = 1.0
u[228,1,0,7] = 1.0
u[229,0,1,8] = 1.0
u[229,1,0,7] = 1.0
u[229,1,0,13] = 1.0
u[231,0,1,9] = 1.0
u[232,0,1,5] = 1.0
u[232,1,0,9] = 1.0
u[234,0,1,5] = 1.0
u[235,0,1,21] = 1.0
u[235,1,0,13] = 1.0
u[237,0,1,9] = 1.0
u[237,1,0,17] = 1.0
u[238,1,0,8] = 1.0
u[239,0,1,13] = 1.0
u[239,1,0,5] = 1.0
u[240,1,0,20] = 1.0
u[242,0,1,16] = 1.0
u[242,1,0,12] = 1.0
u[244,0,1,17] = 1.0
u[245,1,0,14] = 1.0
u[246,0,1,19] = 1.0
u[247,0,1,10] = 1.0
u[247,1,0,14] = 1.0
u[248,0,1,20] = 1.0
u[248,1,0,15] = 1.0
u[249,0,1,10] = 1.0
u[249,1,0,6] = 1.0
u[250,0,1,11] = 1.0
u[250,1,0,16] = 1.0
u[251,1,0,6] = 1.0
u[252,0,1,7] = 1.0
u[253,0,1,15] = 1.0
u[253,1,0,10] = 1.0
u[255,0,1,6] = 1.0
u[255,0,1,10] = 1.0
u[255,1,0,11] = 1.0
u[256,1,0,12] = 1.0
u[257,0,1,7] = 1.0
u[257,1,0,6] = 1.0
u[258,0,1,8] = 1.0
u[259,1,0,8] = 1.0
u[260,0,1,7] = 1.0
u[260,1,0,4] = 1.0
u[261,0,1,4] = 1.0
u[262,1,0,16] = 1.0
u[264,0,1,12] = 1.0
u[264,1,0,10] = 1.0
u[265,0,1,11] = 1.0
u[265,1,0,9] = 1.0
u[266,0,1,6] = 1.0
u[267,1,0,12] = 1.0
u[268,0,1,6] = 1.0
u[269,1,0,13] = 1.0
u[271,0,1,9] = 1.0
u[272,1,0,17] = 1.0
u[273,0,1,17] = 1.0
u[275,0,1,14] = 1.0
u[275,1,0,21] = 1.0
u[277,0,1,17] = 1.0
u[277,1,0,18] = 2.0
u[279,0,1,14] = 2.0
u[279,1,0,13] = 1.0
u[281,0,1,9] = 1.0
u[281,1,0,10] = 1.0
u[281,1,0,21] = 1.0
u[282,1,0,10] = 1.0
u[283,0,1,17] = 1.0
u[284,0,1,6] = 1.0
u[284,0,1,9] = 1.0
u[285,1,0,13] = 2.0
u[286,1,0,5] = 1.0
u[287,0,1,9] = 1.0
u[288,0,1,9] = 1.0
c[1,0,10,11] = 1.0
c[2,1,10,12] = 1.0
c[3,0,1,4] = 1.0
c[4,1,7,10] = 1.0
c[4,1,12,14] = 1.0
c[5,1,10,13] = 1.0
c[6,0,6,7] = 1.0
c[6,1,13,15] = 1.0
c[7,0,7,14] = 1.0
c[7,1,15,17] = 1.0
c[8,1,17,19] = 1.0
c[11,0,2,3] = 1.0
c[11,1,0,3] = 1.0
c[11,1,10,17] = 1.0
c[12,0,3,4] = 1.0
c[12,1,3,4] = 1.0
c[13,1,11,12] = 1.0
c[16,0,13,15] = 1.0
c[17,0,15,16] = 1.0
c[18,1,0,1] = 1.0
c[19,1,1,2] = 1.0
c[21,0,0,6] = 1.0
c[21,1,2,15] = 1.0
c[21,1,12,25] = 1.0
c[23,1,4,6] = 1.0
c[25,1,6,7] = 1.0
c[26,0,11,13] = 1.0
c[27,0,13,14] = 1.0
c[27,1,2,5] = 1.0
c[27,1,25,30] = 1.0
c[28,0,14,16] = 1.0
c[31,0,1,7] = 1.0
c[31,1,12,25] = 1.0
c[33,0,7,20] = 1.0
c[33,1,30,31] = 1.0
c[35,1,7,20] = 1.0
c[39,0,21,23] = 1.0
c[39,1,16,27] = 1.0
c[41,0,16,22] = 1.0
c[42,1,19,30] = 1.0
c[45,0,27,28] = 1.0
c[46,1,18,30] = 1.0
c[47,0,23,28] = 1.0
c[51,0,20,27] = 1.0
c[53,0,26,28] = 1.0
c[55,0,20,25] = 1.0
c[55,0,28,29] = 1.0
c[58,0,26,28] = 1.0
c[60,0,19,22] = 1.0
c[61,0,21,22] = 1.0
c[64,0,20,22] = 1.0
c[64,1,18,27] = 1.0
c[67,1,18,24] = 1.0
c[68,1,10,21] = 1.0
c[70,1,5,6] = 1.0
c[73,0,2,7] = 1.0
c[76,1,3,12] = 1.0
c[78,1,8,16] = 1.0
c[80,1,5,10] = 1.0
c[81,1,3,16] = 1.0
c[82,1,4,9] = 1.0
c[84,1,8,12] = 1.0
c[85,1,2,7] = 1.0
c[87,1,1,15] = 1.0
c[88,0,3,8] = 1.0
c[89,1,4,9] = 1.0
c[90,1,9,13] = 1.0
c[92,1,0,5] = 1.0
c[93,0,0,5] = 1.0
c[94,0,5,10] = 1.0
c[94,1,7,15] = 1.0
c[95,0,1,6] = 1.0
c[97,0,1,15] = 1.0
c[97,1,6,14] = 1.0
c[98,1,2,12] = 1.0
c[100,1,7,11] = 1.0
c[101,0,10,14] = 1.0
c[102,1,11,18] = 1.0
c[104,1,4,9] = 1.0
c[105,1,3,8] = 1.0
c[107,0,5,10] = 1.0
c[108,1,2,7] = 1.0
c[110,1,0,5] = 1.0
c[111,0,3,8] = 1.0
c[111,1,5,10] = 1.0
c[112,0,2,12] = 1.0
c[112,1,2,7] = 1.0
c[115,0,3,8] = 1.0
c[116,0,0,5] = 1.0
c[116,1,2,15] = 1.0
c[117,0,5,10] = 1.0
c[120,0,0,10] = 1.0
c[120,1,0,5] = 1.0
c[122,0,2,12] = 1.0
c[123,0,1,11] = 1.0
c[125,0,3,8] = 1.0
c[126,0,2,12] = 1.0
c[126,0,8,12] = 1.0
c[128,0,4,9] = 1.0
c[129,0,3,12] = 1.0
c[130,1,8,12] = 1.0
c[131,1,5,10] = 1.0
c[133,1,0,4] = 1.0
c[136,0,0,3] = 1.0
c[136,1,2,7] = 1.0
c[137,0,0,8] = 1.0
c[137,0,3,4] = 1.0
c[137,1,0,5] = 1.0
c[138,1,5,10] = 1.0
c[139,0,3,12] = 1.0
c[139,0,8,11] = 1.0
c[140,1,0,5] = 1.0
c[141,0,6,10] = 1.0
c[141,0,12,16] = 1.0
c[143,0,16,17] = 1.0
c[144,0,3,16] = 1.0
c[145,0,1,6] = 1.0
c[146,0,2,6] = 1.0
c[148,0,9,16] = 1.0
c[148,1,2,9] = 1.0
c[150,1,2,8] = 1.0
c[152,1,12,16] = 1.0
c[154,1,1,7] = 1.0
c[154,1,16,25] = 1.0
c[156,0,0,5] = 1.0
c[157,1,0,7] = 1.0
c[158,0,3,4] = 1.0
c[159,1,1,11] = 1.0
c[159,1,7,10] = 1.0
c[161,1,0,10] = 1.0
c[164,0,13,17] = 1.0
c[164,1,2,5] = 1.0
c[165,1,3,8] = 1.0
c[167,0,1,14] = 1.0
c[167,1,2,14] = 1.0
c[168,0,4,9] = 1.0
c[168,1,13,16] = 1.0
c[171,1,5,9] = 1.0
c[172,1,9,20] = 1.0
c[175,0,4,6] = 1.0
c[176,1,2,7] = 1.0
c[177,0,2,5] = 1.0
c[178,1,2,5] = 1.0
c[179,0,3,8] = 1.0
c[180,1,1,4] = 1.0
c[181,0,1,12] = 1.0
c[183,0,0,16] = 1.0
c[184,0,0,7] = 1.0
c[186,1,8,10] = 1.0
c[187,0,16,17] = 1.0
c[188,0,0,1] = 1.0
c[188,1,3,12] = 1.0
c[189,0,1,4] = 1.0
c[189,0,6,13] = 1.0
c[190,1,13,16] = 1.0
c[192,1,0,22] = 1.0
c[194,1,4,8] = 1.0
c[197,1,1,2] = 1.0
c[198,1,2,6] = 1.0
c[199,1,0,1] = 1.0
c[199,1,0,16] = 1.0
c[201,0,2,7] = 1.0
c[202,1,1,4] = 1.0
c[203,1,4,11] = 1.0
c[204,0,10,13] = 1.0
c[204,1,3,10] = 1.0
c[205,0,12,15] = 1.0
c[208,1,11,13] = 1.0
c[209,0,5,19] = 1.0
c[210,1,3,6] = 1.0
c[211,1,2,4] = 1.0
c[211,1,6,19] = 1.0
c[213,1,5,18] = 1.0
c[215,0,0,1] = 1.0
c[215,1,19,25] = 1.0
c[216,0,1,2] = 1.0
c[218,0,2,9] = 1.0
c[219,0,14,18] = 1.0
c[219,1,7,11] = 1.0
c[220,0,21,22] = 1.0
c[222,0,7,11] = 1.0
c[223,1,18,21] = 1.0
c[224,0,1,8] = 1.0
c[225,0,10,11] = 1.0
c[226,0,8,11] = 1.0
c[228,0,3,8] = 1.0
c[230,0,3,21] = 1.0
c[231,0,3,5] = 1.0
c[231,1,4,9] = 1.0
c[233,1,5,13] = 1.0
c[235,1,1,20] = 1.0
c[236,1,1,8] = 1.0
c[240,0,4,17] = 1.0
c[241,0,1,19] = 1.0
c[241,1,9,12] = 1.0
c[244,0,8,20] = 1.0
c[244,1,12,14] = 1.0
c[246,1,13,14] = 1.0
c[251,0,2,7] = 1.0
c[252,0,12,15] = 1.0
c[252,1,7,10] = 1.0
c[253,0,2,10] = 1.0
c[254,1,3,12] = 1.0
c[257,1,2,8] = 1.0
c[259,0,2,7] = 1.0
c[259,1,3,16] = 1.0
c[262,0,0,11] = 1.0
c[262,1,3,10] = 1.0
c[263,1,0,9] = 1.0
c[266,1,8,12] = 1.0
c[267,0,5,6] = 1.0
c[267,1,7,13] = 1.0
c[268,1,2,17] = 1.0
c[269,0,8,17] = 1.0
c[270,1,2,21] = 1.0
c[273,1,5,13] = 1.0
c[274,0,13,14] = 1.0
c[275,1,13,18] = 2.0
c[277,1,10,21] = 1.0
c[283,0,6,9] = 1.0
c[283,1,5,13] = 1.0
c[286,1,2,9] = 1.0
c[288,0,1,5] = 1.0
c[289,0,5,10] = 1.0
c[289,1,5,10] = 1.0
c[289,1,9,10] = 1.0
